MOVIMIENTOS DE POSICION 1 A 2 
El planificador: ESTkConfigDefault
0.0588253
0.0883941
0.113359
0.1243
0.0480914
0.0388375
0.152466
0.0330286
0.0747787
0.106784
0.0259991
0.0516736
0.04253
0.195586
0.0917002
0.123374
0.0402413
0.140536
0.0733432
0.0835183
0.0934929
0.0506238
0.0252648
0.0557614
0.0338066
0.0743288
0.0666491
0.0631747
0.0791645
0.147052
0.107268
0.104666
0.0206748
0.0719481
0.106075
0.00956022
0.0304567
0.0674127
0.105328
0.0896253
0.0913692
0.118821
0.0512452
0.0987749
0.0829289
0.20084
0.0886582
0.0514263
0.0653174
0.058799
0.0694078
0.0652346
0.0895543
0.0803894
0.17355
0.156227
0.0839604
0.139719
0.130216
0.0855268
0.180304
0.00705059
0.111339
0.100749
0.0840823
0.0803934
0.0178845
0.127262
0.112402
0.176429
0.0410185
0.0210731
0.0175653
0.110717
0.0599485
0.0591131
0.164053
0.165673
0.0670143
0.150407
0.0360842
0.123571
0.135088
0.111119
0.0714754
0.0116217
0.0485808
0.069651
0.0721373
0.0795704
0.118531
0.118263
0.0764137
0.0442871
0.143838
0.0618977
0.219785
0.0374275
0.0594069
0.103713
0.126705
0.0696029
0.0606665
0.0267418
0.0315837
0.066554
0.046875
0.102587
0.0398982
0.0441524
0.0139412
0.214176
0.0890242
0.0968376
0.0572932
0.0843891
0.0532301
0.11427
0.120823
0.12579
0.118007
0.11126
0.0090615
0.141331
0.107564
0.0179675
0.0235819
0.0987996
0.149388
0.0964117
0.0658044
0.0319149
0.0929354
0.0651064
0.107432
0.177892
0.118714
0.103505
0.0662602
0.146272
0.0498436
0.0483481
0.0489539
0.0828966
0.0842179
0.0858561
0.0819069
0.0888691
0.0889408
0.0740984
0.0690563
0.0936874
0.0235479
0.040973
0.0323616
0.121658
0.19016
0.0599407
0.034617
0.13205
0.118462
0.203004
0.0724894
0.102188
0.10828
0.105095
0.0533448
0.0208062
0.0599752
0.115827
0.0615886
0.0877683
0.0530576
0.153686
0.0338668
0.119514
0.0801438
0.131278
0.157638
0.0961181
0.176603
0.0739766
0.120155
0.0956211
0.112475
0.127286
0.0284791
0.0974845
0.0941059
0.111812
0.0842997
0.108624
0.138443
0.090226
0.0260993
0.0581183
0.0648898
0.064538
0.0758415
0.0889659
0.0839213
0.0389186
0.119845
0.0915247
0.153786
0.0397835
0.124196
0.0643205
0.0491903
0.095475
0.132306
0.048157
0.025282
0.076665
0.0963953
0.0628348
0.0570997
0.0635998
0.186189
0.0674787
0.0954474
0.0565212
0.0692
0.0625376
0.0970896
0.0931615
0.0808892
0.0766912
0.0555717
0.0609098
0.0324833
0.148495
0.0769985
0.0633314
0.0663713
0.0889284
0.0677774
0.10373
0.0488833
0.079354
0.0180412
0.0251872
0.112502
0.0980132
0.00950934
0.0553213
0.0837744
0.260772
0.0880199
0.140251
0.122987
0.0974634
0.101109
0.0938431
0.146416
0.0700551
0.0381665
0.0870694
0.032188
0.0533853
0.0365463
0.0959592
0.0772637
0.112405
0.00738743
0.090147
0.0917936
0.160868
0.0357166
0.0907854
0.0523416
0.123065
0.0652743
0.122706
0.072223
0.115315
0.111873
0.134279
0.0369622
0.0618912
0.0426439
0.0227813
0.132197
0.11478
0.0294536
0.120259
0.0408988
0.121026
0.0362268
0.137167
0.0839876
0.0890528
0.0194309
0.0808714
0.057705
0.0895399
0.0370331
0.0468548
0.123256
0.094831
0.0626271
0.162461
0.0985063
0.13639
0.0856338
0.0671132
0.116014
0.124891
0.102321
0.0897832
0.025498
0.0661984
0.0887385
0.0766075
0.147019
0.0553517
0.109507
0.0970709
0.0983073
0.0107789
0.129343
0.118479
0.0649838
0.110675
0.033201
0.108063
0.0615531
0.0343276
0.0407255
0.0675727
0.0610524
0.0691043
0.0385254
0.0327221
0.16198
0.0521407
0.0919867
0.0666487
0.0501514
0.0836849
0.0830705
0.0645285
0.0806996
0.124753
0.258921
0.0277136
0.0281532
0.0945287
0.0700985
0.0818767
0.147591
0.154826
0.0245412
0.114108
0.0943113
0.0659879
0.0464
0.0932465
0.0629365
0.0182038
0.0719749
0.200206
0.0488696
0.0477501
0.0824415
0.103488
0.0465983
0.0647539
0.138445
0.133349
0.0965938
0.0353443
0.077349
0.0575999
0.0553029
0.102856
0.035724
0.125869
0.0944316
0.0701152
0.0805236
0.111963
0.125986
0.0650682
0.134502
0.0666226
0.125701
0.119681
0.0412315
0.069424
0.0695364
0.0922881
0.128523
0.126244
0.0779961
0.027674
0.102786
0.0329021
0.0596855
0.110364
0.0467809
0.139714
0.122844
0.0463937
0.0592766
0.122647
0.0956066
0.108242
0.0901688
0.119062
0.0939671
0.024132
0.0764583
0.0508456
0.140054
0.108818
0.0964663
0.218673
0.0766727
0.0784026
0.0866319
0.0284556
0.0390141
0.0469495
0.0357771
0.12996
0.16864
0.0347808
0.0542345
0.0909389
0.12294
0.0537799
0.0190398
0.0338352
0.0328797
0.0991928
0.0379553
0.119155
0.114257
0.178529
0.0834216
0.044022
0.136392
0.118812
0.0880195
0.0495616
0.0375998
0.0128875
0.0958833
0.0847171
0.0947812
0.0961664
0.0877244
0.128542
0.0603118
0.0660553
0.0361734
0.0631858
0.0768218
0.0318566
0.064883
0.0804533
0.0416757
0.13956
0.0956556
0.146003
0.0689593
0.150297
0.136417
0.064268
0.0464781
0.120753
0.0972479
0.119917
0.0971744
0.0758431
0.0424249
0.101786
0.109178
0.149165
0.0643294
0.0959746
0.0405171
0.112415
0.110757
0.0610679
0.0281216
0.0690536
0.0693486
0.0675799
0.0477941
0.149802
0.105868
0.0156871
0.0610903
0.0550302
0.0443251
0.0873525
0.144668
0.113227
0.0671608
0.0889725
0.0897518
0.105265
0.158045
0.0946927
0.0942851
0.113082
0.0618887
0.0621802
0.1048
0.0444794
0.0597727
0.0201592
0.087114
0.12387
0.0697624
0.0816306
0.0782709
0.0143125
0.127907
0.085786
0.115467
0.0852497
0.0346334
0.0578846
0.122184
0.100025
0.101934
0.0780139
0.0664894
0.206672
0.0458322
0.038274
0.0678843
0.0803275
0.0641546
0.11573
0.0968461
0.11483
0.0908986
0.0705999
0.166243
0.072999
0.0657554
0.0490013
0.0808254
0.0699516
0.104166
0.0232499
0.0594522
0.0283829
0.0552876
0.0747549
0.0753401
0.124083
0.0930004
0.105757
0.0407075
0.105279
0.0740797
0.102445
0.0814353
0.153132
0.0599087
0.0789364
0.0897788
0.127229
0.0826675
0.0498107
0.141937
0.104428
0.0887446
0.0376673
0.0673795
0.0945878
0.133869
0.0152475
0.0792795
0.0437841
0.160389
0.136967
0.0999456
0.118872
0.0637402
0.138757
0.129115
0.0807215
0.0561946
0.0864493
0.120142
0.0304723
0.134051
0.0886308
0.0324463
0.158859
0.0670072
0.0410212
0.0624639
0.0689227
0.0919487
0.125596
0.103793
0.0705324
0.102791
0.0776673
0.132026
0.0353596
0.0896307
0.0830809
0.0671402
0.0877628
0.105182
0.0618749
0.0646752
0.0256227
0.0530259
0.0636348
0.0315986
0.0660608
0.139976
0.0694143
0.104299
0.145881
0.0919295
0.15103
0.179031
0.13987
0.0951502
0.0974882
0.0730445
0.155908
0.0820527
0.116345
0.0710581
0.0969929
0.120528
0.0384444
0.0939403
0.115325
0.0548773
0.067102
0.155801
0.0663102
0.0993332
0.190767
0.0381892
0.0536919
0.082776
0.0922041
0.0339282
0.0782974
0.101294
0.0383661
0.0950946
0.101626
0.100805
0.0446774
0.0138432
0.0655302
0.13035
0.101823
0.0463532
0.0522993
0.0357736
0.0896157
0.0685931
0.0400897
0.0683127
0.134658
0.0594297
0.107603
0.0877933
0.0748835
0.125089
0.0945701
0.0745606
0.099785
0.0506981
0.0572683
0.0796131
0.088408
0.099233
0.0804233
0.045918
0.103836
0.140751
0.144284
0.13485
0.043224
0.113357
0.0555855
0.0947392
0.070348
0.116831
0.0577495
0.104515
0.0388448
0.213222
0.0727182
0.121225
0.0633069
0.0747147
0.0910777
0.0758415
0.0644323
0.127115
0.0791473
0.0924289
0.103641
0.125875
0.0804319
0.0325619
0.0506266
0.0377376
0.125433
0.127596
0.0890722
0.214174
0.055045
0.0736152
0.036984
0.157517
0.0516083
0.100112
0.0583281
0.0469781
0.0953289
0.0850829
0.0992174
0.0754668
0.128452
0.119142
0.100785
0.0529487
0.0923218
0.104491
0.0482786
0.221174
0.0237989
0.169666
0.126741
0.0298989
0.0284077
0.063467
0.0720148
0.0635464
0.076754
0.189265
0.157368
0.0749236
0.189506
0.028366
0.0485867
0.16475
0.0246594
0.0751643
0.0611414
0.107197
0.040734
0.12049
0.100064
0.111673
0.133575
0.0415562
0.0271928
0.0669842
0.0994972
0.0516556
0.0235354
0.0898705
0.0449271
0.0971899
0.189129
0.120544
0.118031
0.253501
0.139548
0.130095
0.140851
0.0632217
0.0913099
0.132775
0.179017
0.0792983
0.0276803
0.0438685
0.0874392
0.0295335
0.0320922
0.122583
0.0659539
0.115519
0.0844164
0.0635541
0.0848735
0.102954
0.0751839
0.246063
0.101975
0.0606818
0.235237
0.179432
0.0533493
0.136194
0.180618
0.101516
0.195929
0.0927557
0.114279
0.208139
0.192801
0.0966656
0.0363768
0.0825823
0.182001
0.11544
0.035083
0.129435
0.0405878
0.0611783
0.0935266
0.0828617
0.0798024
0.117217
0.0922795
0.0614408
0.144385
0.127198
0.221047
0.028891
0.119074
0.146986
0.0776061
0.0376634
0.0822441
0.23961
0.129581
0.043422
0.159948
0.0408828
0.0220944
0.0730386
0.0668872
0.077221
0.0737724
0.125497
0.0582447
0.0517741
0.0327092
0.102945
0.0254236
0.0537724
0.0753014
0.148746
0.0341461
0.0364955
0.0373833
0.0410766
0.075117
0.100715
0.0679335
0.115283
0.096504
0.139689
0.126235
0.0289647
0.116266
0.0260866
0.0665007
0.170045
0.0646472
0.0772483
0.0818255
0.0406028
0.0322329
0.0886172
0.0731921
0.102063
0.156642
0.0880074
0.054931
0.0328414
0.0780641
0.0753938
0.120142
0.0168882
0.0826544
0.215965
0.0672455
0.068645
0.0805538
0.0375648
0.0615928
0.051632
0.0639145
0.108349
0.102623
0.0429696
0.0602208
0.0791588
0.117216
0.0506028
0.0947487
0.107457
0.113264
0.0194319
0.0642326
0.0685277
0.171079
0.0621509
0.0899696
0.0576346
0.0294408
0.088332
0.104787
0.122857
0.163839
0.102855
0.0773063
0.0586694
0.0410891
0.0864704
0.127536
0.0583167
0.0603475
0.0603782
0.0824904
0.0245111
0.157679
0.0752629
0.0762
0.0972258
0.0432954
0.056227
0.0507944
0.0665042
0.0968268
0.105931
0.109065
0.101867
0.0959385
0.0742404
0.0863799
0.187962
0.0642306
0.0884501
0.0373586
0.137115
0.0741348
0.100639
0.0423403
0.0899852
0.100758
0.0304045
0.0934485
0.0719307
0.067409
0.0785972
0.0597369
0.0675076
0.0666687
0.127915
0.22976
0.0471337
0.056286
0.0746709
0.0351589
0.151148
0.0607826
0.0717946
0.0526427
0.139846
0.0911445
0.0542079
0.0515543
0.0818042
0.106779
0.0937736
0.0845032
0.114195
0.018192
0.125954
0.133697
0.0429245
0.0261985
0.0568662
0.0377352
0.10173
0.0656604
0.126779
0.123579
0.168225
0.170036
0.0696222
0.115478
0.0601059
0.0845023
0.0677317
0.0699997






El planificador: RRTConnectkConfigDefault
0.0313675
0.0372694
0.0188384
0.0267774
0.0554719
0.022689
0.0399596
0.0246504
0.0250548
0.0223768
0.0294439
0.0339916
0.0185414
0.033031
0.0292428
0.031348
0.0178702
0.0202237
0.0245474
0.0281787
0.0374631
0.0300722
0.0409939
0.0253607
0.0296412
0.0255757
0.0262795
0.0280616
0.0222163
0.0252769
0.022362
0.024231
0.0506967
0.0282109
0.0321007
0.0325729
0.0319426
0.0679668
0.0376498
0.0391241
0.0413746
0.031354
0.067664
0.0466007
0.029065
0.0788013
0.0402156
0.0337642
0.0451807
0.0261497
0.0166862
0.0299621
0.0234215
0.0462265
0.030283
0.02869
0.0223512
0.0217055
0.0288312
0.0312999
0.0218528
0.0257776
0.0310805
0.0803123
0.0401787
0.0303648
0.0602227
0.0585481
0.0544837
0.039988
0.023577
0.0458827
0.0335523
0.0261877
0.017373
0.0380944
0.0228753
0.0218036
0.0857951
0.0324932
0.0262345
0.0284493
0.0246494
0.0315747
0.0617441
0.0218441
0.0165666
0.0261978
0.0249647
0.0352342
0.0209065
0.0338672
0.0300136
0.0530421
0.0299947
0.0558484
0.0639971
0.0607998
0.0699825
0.0528383
0.0283603
0.0224545
0.0195089
0.0611681
0.030202
0.0282092
0.0265916
0.081508
0.0537526
0.0292212
0.0336585
0.0184305
0.0290666
0.0296707
0.0599254
0.0320547
0.0198861
0.0227184
0.0388184
0.0264631
0.0298328
0.0250879
0.0193198
0.0251157
0.0279024
0.0272506
0.0325984
0.0166698
0.0167404
0.0240041
0.0185388
0.0219825
0.0252816
0.0328221
0.0407207
0.0206277
0.0815102
0.0298725
0.0654782
0.0282057
0.0252432
0.0206006
0.0479502
0.0173505
0.0173922
0.0262101
0.0541085
0.0307283
0.0279942
0.0315195
0.0348807
0.0250647
0.015605
0.0168989
0.0309996
0.0351856
0.0301291
0.0262095
0.0411971
0.0212914
0.0326562
0.0306857
0.0283653
0.01939
0.0275716
0.0286545
0.025069
0.0285178
0.0784171
0.0297398
0.0634151
0.028612
0.030132
0.032964
0.0673346
0.0262874
0.0277103
0.0319482
0.0291032
0.0236128
0.0242148
0.059768
0.0266647
0.0515561
0.0300036
0.0338365
0.050883
0.0245161
0.0286511
0.0244899
0.0432671
0.0270633
0.0199552
0.042557
0.031779
0.0306324
0.0254314
0.0579837
0.0187474
0.0333336
0.0331039
0.0237216
0.0310265
0.0422788
0.0324459
0.0490599
0.0336838
0.0261996
0.0409649
0.0635659
0.0155857
0.0503129
0.0290247
0.0298383
0.0189657
0.0231279
0.0340671
0.0255655
0.0279395
0.0297335
0.0283596
0.0172977
0.0185523
0.0263178
0.0254917
0.0358992
0.0142418
0.029254
0.0255974
0.0599187
0.0341418
0.0242463
0.0317065
0.0255226
0.0184341
0.0280583
0.0282565
0.0309343
0.0269032
0.0372023
0.0276773
0.106601
0.0366543
0.0270915
0.0336292
0.0270578
0.049715
0.0504986
0.0593227
0.0351187
0.0210264
0.0214121
0.0485488
0.101344
0.0602655
0.0312194
0.0332162
0.0185362
0.0280926
0.0716113
0.0644308
0.0266445
0.0244385
0.0273508
0.028092
0.0323603
0.0290187
0.0420994
0.0360423
0.015363
0.02667
0.0636909
0.020889
0.019712
0.0318979
0.0268243
0.0197772
0.0334063
0.0185084
0.0301742
0.037303
0.0287588
0.0316938
0.019599
0.036994
0.0299689
0.0626255
0.044172
0.0230316
0.0335688
0.0258333
0.0260163
0.0304253
0.0276881
0.0238136
0.0271654
0.0553581
0.0586587
0.0436711
0.0278652
0.0190881
0.0260017
0.0350496
0.0274262
0.0221305
0.0144147
0.0406476
0.0412973
0.0314521
0.0420578
0.0261283
0.0274845
0.0200313
0.0407455
0.028148
0.0966422
0.033238
0.0273171
0.0698372
0.0272116
0.0348829
0.0238892
0.0979298
0.0347432
0.0219952
0.0291452
0.0675136
0.0290879
0.019728
0.0593375
0.0359731
0.0410986
0.0642242
0.049423
0.0710353
0.0272493
0.0195333
0.0303918
0.0276612
0.021433
0.0931238
0.062824
0.0715461
0.0265506
0.0240688
0.0235279
0.0245237
0.0267755
0.0310293
0.0569904
0.0607491
0.0200216
0.0533536
0.0411979
0.0453362
0.0459469
0.0442252
0.0771603
0.0381083
0.0580076
0.0316191
0.047857
0.030096
0.0271845
0.0147983
0.0557163
0.0268285
0.0270596
0.0310216
0.0309384
0.0264959
0.0348931
0.025082
0.0242159
0.0298837
0.0339931
0.0528319
0.0277386
0.0316191
0.037222
0.0432555
0.0309516
0.034271
0.0245473
0.0514772
0.0255614
0.0296134
0.026464
0.0286792
0.0211016
0.0288097
0.0208286
0.056076
0.101508
0.0792901
0.0614201
0.0941688
0.0856245
0.0245261
0.0203234
0.0469237
0.036952
0.0589685
0.0376865
0.0304621
0.066406
0.0446407
0.0356728
0.040357
0.044398
0.0676893
0.0662214
0.0327728
0.0305887
0.0265438
0.0587299
0.0295086
0.0309057
0.0895647
0.035625
0.0482324
0.0334049
0.0492798
0.0311889
0.0625575
0.0504045
0.0499597
0.0524877
0.035983
0.0473759
0.0156411
0.0161809
0.0388447
0.0374589
0.0303464
0.0172549
0.05023
0.0346217
0.0365379
0.0347305
0.0381543
0.0188757
0.0266875
0.0278743
0.018272
0.0292997
0.0358969
0.0311171
0.0317333
0.0346547
0.0292632
0.0238049
0.0411969
0.026412
0.0293307
0.0793311
0.0449783
0.0271701
0.0294124
0.0298129
0.0289608
0.0361897
0.0337094
0.0499826
0.0403387
0.0332466
0.0277002
0.037204
0.0231981
0.0707985
0.0302656
0.040291
0.0633349
0.0475284
0.0341802
0.0197775
0.0322865
0.0252517
0.0455231
0.0439704
0.0257085
0.0535163
0.0431733
0.0347535
0.0325904
0.0341338
0.0330085
0.0327363
0.0199137
0.0279167
0.0354188
0.0282673
0.0597489
0.0288769
0.070423
0.0326317
0.0260166
0.0295205
0.0286237
0.0249128
0.0300759
0.0322387
0.0349121
0.0171444
0.0370189
0.0232094
0.0278572
0.0325711
0.0417021
0.038052
0.0310324
0.0358114
0.0305809
0.0305655
0.0329292
0.0300893
0.0293249
0.0425967
0.0179849
0.0151754
0.0350442
0.0259701
0.0435441
0.0262642
0.0321899
0.0225961
0.0271072
0.0193835
0.0297405
0.0379598
0.0217778
0.0630113
0.0767819
0.0276602
0.025738
0.0267805
0.0290076
0.0368219
0.0412283
0.0509863
0.0617604
0.0415231
0.0301283
0.0332489
0.02711
0.0344549
0.0571183
0.0196902
0.0237063
0.0463077
0.0295045
0.0720547
0.0889527
0.0256467
0.0357933
0.0339554
0.0274985
0.0250471
0.0313507
0.0228474
0.013714
0.0146017
0.0150629
0.0275331
0.0306495
0.0232508
0.0256024
0.0328917
0.0193868
0.0207732
0.0258667
0.0174653
0.0310959
0.0138268
0.0297702
0.0333942
0.0529117
0.0332307
0.0554947
0.0188706
0.0605851
0.0551624
0.0372278
0.033752
0.0351645
0.0393096
0.0535871
0.0426621
0.0341002
0.0385998
0.0477153
0.0451634
0.0182809
0.0201469
0.0223068
0.0282198
0.0190988
0.0239039
0.02106
0.0424076
0.0923341
0.0467403
0.0801762
0.0385465
0.0364509
0.0454918
0.128616
0.0241478
0.0176417
0.0246417
0.0295503
0.0227889
0.0264466
0.0283743
0.0202226
0.0275567
0.0186224
0.03044
0.0171878
0.0289843
0.0266031
0.0287829
0.0310249
0.0267892
0.0304422
0.0292086
0.0184851
0.0185132
0.0442163
0.0360329
0.0270861
0.0256373
0.0269572
0.0369331
0.0490098
0.0320768
0.0440527
0.0268703
0.0297492
0.0333673
0.0211268
0.0266988
0.0295898
0.0302277
0.0198046
0.0202836
0.0287703
0.0325051
0.0252814
0.0412489
0.0295407
0.0230541
0.0142059
0.019552
0.025571
0.0568541
0.0263269
0.0681178
0.0457341
0.0305702
0.041938
0.0307582
0.0299855
0.0183031
0.0372136
0.0428097
0.0360798
0.0289698
0.024045
0.0535653
0.0344944
0.0184145
0.029171
0.0298653
0.0452253
0.0374131
0.0203116
0.0293937
0.0232026
0.0173914
0.0239136
0.0290831
0.0266314
0.0159715
0.0286118
0.0646089
0.0299948
0.0341475
0.039184
0.0411389
0.0191946
0.0287688
0.0366708
0.0251752
0.0281751
0.0432992
0.0247755
0.0283412
0.031383
0.0351576
0.0928079
0.0291799
0.0480417
0.0399666
0.0243302
0.0323853
0.0563388
0.0481486
0.0401982
0.0295089
0.0825927
0.0346716
0.056947
0.0236758
0.0283303
0.0406888
0.0272396
0.0485358
0.0317316
0.051848
0.0280196
0.0124451
0.0260172
0.0286187
0.0317002
0.0668407
0.101712
0.105498
0.075292
0.0235749
0.0420126
0.0193065
0.039293
0.0249503
0.0854293
0.0410821
0.0386524
0.0199582
0.0206184
0.0241245
0.0322078
0.0239891
0.0309175
0.0297696
0.0391352
0.0343898
0.0265552
0.0304009
0.0467348
0.0194223
0.0194351
0.0397786
0.0283859
0.0162276
0.0411477
0.03336
0.0448345
0.0264496
0.0407406
0.122024
0.0543381
0.056724
0.02813
0.0258887
0.0280877
0.0223782
0.0615419
0.0558888
0.0440058
0.0473873
0.0567729
0.0928591
0.0540967
0.0517383
0.0444203
0.0388498
0.0366729
0.027772
0.0262983
0.035446
0.0155039
0.0234255
0.0141653
0.0257721
0.0262208
0.0164109
0.0162294
0.0272711
0.0341259
0.0870465
0.0450079
0.0521172
0.0471576
0.0152729
0.0246896
0.0239813
0.0234553
0.0590122
0.0305246
0.0330428
0.0159071
0.0154483
0.0278555
0.0228559
0.0291746
0.0292047
0.0309591
0.0932704
0.0295448
0.0439187
0.0324543
0.0513134
0.0337913
0.078747
0.0896341
0.0566643
0.0316069
0.0305098
0.0165204
0.0270337
0.0353944
0.0282257
0.0238563
0.018695
0.0432236
0.0284846
0.0196272
0.0416464
0.0241236
0.0267401
0.0263516
0.0250056
0.0320093
0.0246018
0.0288968
0.0279236
0.035801
0.0727068
0.0498545
0.0149775
0.0301279
0.0335386
0.0321069
0.0444041
0.022264
0.0264023
0.0268969
0.0323264
0.0200377
0.031676
0.0249383
0.015337
0.0281774
0.0242705
0.0250687
0.0269223
0.0306354
0.0137784
0.0176303
0.0182749
0.0329141
0.0287077
0.0183103
0.0197951
0.0420973
0.0216693
0.0293715
0.0223501
0.0734531
0.0261938
0.0240504
0.0252578
0.0277945
0.0204067
0.024616
0.0257906
0.0277596
0.0138246
0.0241615
0.022679
0.0180682
0.0159281
0.031721
0.0418
0.0241989
0.0361287
0.0379032
0.0298169
0.0201968
0.024627
0.0315851
0.0167249
0.0984933
0.0960671
0.0952034
0.0519782
0.0263134
0.0173078
0.0279459
0.029386
0.0350866
0.0174109
0.0266484
0.0568544
0.0530111
0.0311875
0.0322309
0.0370339
0.0329039
0.0367071
0.0535079
0.024412
0.02704
0.043917
0.0671919
0.0800021
0.0277668
0.0792074
0.0439823
0.0392431
0.0888076
0.0141752
0.0331521
0.057405
0.0276709
0.0453732
0.0341347
0.0423622
0.037413
0.0275831
0.0269868
0.0234418
0.0512608
0.0282673
0.0453901
0.0661453
0.0855305
0.0329749
0.0346578
0.026427
0.0265053
0.0224506
0.0289237
0.0412365
0.0217797
0.0154023
0.0289875
0.0265739
0.0350019
0.0402003
0.0277404
0.0194056
0.0505461
0.0268627
0.0249691
0.0305236
0.0473276
0.0240634
0.0321547
0.0131933
0.0241928
0.0503034
0.0301274
0.0771526
0.047049
0.0581007
0.0286111
0.0186758
0.033573
0.0308997
0.0258814
0.0317371
0.0537763
0.0253418
0.0378346
0.062917
0.0283706
0.0440262
0.0788363
0.0439039
0.0288698
0.0261931
0.0256509
0.0355118
0.0330992
0.0277473
0.0327591
0.0207644
0.0289916
0.0168515
0.0210246
0.0360315
0.0206565
0.0264277
0.045534
0.0159158
0.026702
0.0273276
0.0216336
0.0545703






El planificador: TRRTkConfigDefault
0.0826072
0.0622145
0.0511651
0.0339871
0.0349881
0.0451207
0.0547584
0.0624407
0.0333748
0.109746
0.018376
0.0385291
0.120964
0.0264061
0.0368074
0.0561073
0.0177135
0.0761634
0.0216016
0.0471342
0.0356059
0.0261446
0.0577307
0.0526378
0.0225747
0.114928
0.126619
0.0579158
0.027373
0.0724392
0.0323568
0.0226856
0.0685732
0.032463
0.0910128
0.0193207
0.0185656
0.0484305
0.0375099
0.0189632
0.0168616
0.017902
0.0694327
0.0417225
0.0811423
0.0336603
0.0600689
0.0321755
0.0366607
0.031724
0.0161553
0.0344407
0.0588711
0.0134076
0.0382618
0.0552508
0.0501954
0.0497999
0.0978529
0.0666332
0.0968974
0.0537007
0.0323375
0.0327451
0.0964286
0.0338903
0.0276579
0.0852181
0.0535884
0.0386579
0.0220458
0.0315278
0.0230897
0.0313381
0.0644654
0.0262123
0.0227954
0.0433446
0.0271217
0.0448219
0.0477059
0.0241288
0.0174432
0.0252717
0.00924126
0.0499198
0.0161906
0.0111536
0.0131371
0.0477922
0.0300906
0.0242012
0.0490468
0.115722
0.0320492
0.0187203
0.0365393
0.0399582
0.010161
0.0165693
0.0376853
0.0462969
0.0254367
0.0379063
0.0269602
0.0775887
0.10412
0.0534694
0.0341269
0.04488
0.034108
0.0318658
0.0241718
0.0234037
0.0734612
0.0449173
0.0468778
0.0695713
0.0526112
0.0581761
0.0279701
0.0258093
0.0211399
0.0322522
0.090596
0.043622
0.138132
0.0652838
0.0913407
0.0346236
0.0620144
0.0254405
0.044168
0.0293687
0.0226239
0.0268516
0.0522541
0.0318866
0.0233363
0.0933758
0.0214912
0.0561152
0.0156482
0.0819036
0.101485
0.0760238
0.0882154
0.117032
0.0342882
0.014884
0.0218536
0.0265876
0.0189349
0.0793318
0.018041
0.0271363
0.0875858
0.0256833
0.0430995
0.11487
0.0653084
0.075675
0.059555
0.0664737
0.0560014
0.0823932
0.0417685
0.0415616
0.0442542
0.051468
0.0671094
0.0764217
0.0163563
0.0689151
0.114025
0.0161494
0.0221225
0.021251
0.0258469
0.0600384
0.0216227
0.0567128
0.0241886
0.0280747
0.0390231
0.0374151
0.0205474
0.0359379
0.0616755
0.0353902
0.0381229
0.0135098
0.0181235
0.0211478
0.0104464
0.0136616
0.017409
0.035393
0.039918
0.106743
0.0942974
0.0451589
0.086054
0.0490163
0.076926
0.048867
0.0455996
0.022255
0.0225118
0.03486
0.0155849
0.00936679
0.0184746
0.022107
0.0293771
0.0454245
0.0421699
0.0141144
0.0214267
0.0191222
0.0244791
0.0440092
0.0212704
0.0307378
0.0391123
0.0287813
0.0156957
0.0226425
0.0416111
0.070645
0.0769209
0.0313379
0.0761659
0.0280654
0.111393
0.0662156
0.0370465
0.0329223
0.0116273
0.0640359
0.0389374
0.0169696
0.0340965
0.0502085
0.0338258
0.0238968
0.0216612
0.0370821
0.0179462
0.0510863
0.014075
0.0306499
0.0314722
0.0225584
0.0190651
0.029591
0.04757
0.0398878
0.0504745
0.0239651
0.104003
0.0125036
0.0328212
0.00853822
0.015759
0.0462389
0.0263509
0.0344174
0.0681437
0.0397597
0.0882491
0.0581459
0.0403487
0.108597
0.0209804
0.112287
0.0748228
0.115879
0.0627001
0.0218497
0.0495048
0.021769
0.0827535
0.0641924
0.0636048
0.0308887
0.0683402
0.0618104
0.115729
0.0459518
0.0188629
0.0282267
0.0755328
0.0542914
0.046012
0.052923
0.0791653
0.0465048
0.0904185
0.0253957
0.0507504
0.0373353
0.0691409
0.098385
0.0271079
0.0387155
0.0394183
0.0314136
0.0176651
0.0175249
0.0276885
0.0176424
0.0185102
0.088552
0.00961576
0.0519388
0.0286649
0.0158062
0.041171
0.0490769
0.0430327
0.0239297
0.0427225
0.0328954
0.071998
0.0138764
0.0168631
0.037212
0.0147329
0.0239701
0.0204044
0.0196947
0.0130317
0.0434875
0.0223819
0.0448031
0.0169617
0.0263503
0.0136831
0.0274308
0.0427808
0.0162746
0.0267759
0.0303755
0.0329117
0.0434648
0.0247728
0.106749
0.0544314
0.0254539
0.027075
0.0262094
0.0151826
0.0792901
0.0274431
0.0473896
0.0707494
0.0606095
0.0874087
0.0263206
0.0185041
0.0325704
0.0637223
0.0202267
0.0365683
0.0405455
0.054517
0.0565776
0.0430722
0.0472758
0.0240687
0.0225604
0.0760432
0.117285
0.0264376
0.0282791
0.0152768
0.0486932
0.0286901
0.0459269
0.100843
0.021089
0.0347215
0.0283332
0.0556218
0.024997
0.0213738
0.0453485
0.0185235
0.0353656
0.0411683
0.0749689
0.0611265
0.0914574
0.0466492
0.0321973
0.0994701
0.0373421
0.0979093
0.0498852
0.123686
0.0371882
0.0296885
0.0521516
0.0494938
0.0690893
0.0541484
0.0854996
0.021916
0.0288529
0.0159856
0.0835873
0.0236996
0.0780619
0.0386656
0.0686102
0.0588384
0.0181752
0.0287985
0.0292936
0.031806
0.0841159
0.0171868
0.0313964
0.02681
0.0423242
0.0431957
0.0232743
0.0204205
0.0268625
0.0275814
0.0247606
0.0336172
0.0400569
0.113987
0.0799187
0.0697516
0.083389
0.0314443
0.0465607
0.0182748
0.0223048
0.0322414
0.0278399
0.0405452
0.0359115
0.080987
0.0540044
0.0666903
0.0530077
0.0265761
0.0197061
0.0418835
0.0642882
0.0313409
0.0587753
0.0472471
0.0557267
0.0774179
0.0230149
0.0188053
0.0333304
0.022722
0.0318321
0.0285914
0.0603122
0.0429404
0.0364442
0.0177029
0.0643569
0.106232
0.101145
0.0206486
0.0221201
0.0356277
0.0524492
0.0400547
0.027369
0.020125
0.0414926
0.0128737
0.0349061
0.0629809
0.0207414
0.0278734
0.0206196
0.0202306
0.0409743
0.0229144
0.0350587
0.0353636
0.0235724
0.021582
0.0397185
0.0565569
0.0159254
0.0218276
0.038485
0.0851633
0.103266
0.0427642
0.034004
0.0360915
0.0354606
0.0584717
0.0428964
0.0441903
0.0289104
0.0289443
0.0599293
0.05193
0.0635072
0.103527
0.0762324
0.0767484
0.0712336
0.0381161
0.0179363
0.0191279
0.0327074
0.0948604
0.00706112
0.0126019
0.0567639
0.0566377
0.0191726
0.039661
0.0477755
0.0377746
0.0226776
0.0374218
0.0316771
0.0827699
0.0380475
0.032803
0.0778624
0.126801
0.0848306
0.0554829
0.0435336
0.022472
0.0564471
0.109468
0.118893
0.069457
0.0138198
0.0893256
0.0751972
0.0622237
0.0538329
0.0750707
0.0565598
0.0215366
0.0295977
0.0281559
0.0374614
0.0318525
0.0448653
0.0318224
0.0317031
0.0245339
0.0458316
0.0333911
0.0434503
0.0969
0.0572584
0.0804706
0.0268081
0.0178635
0.00976671
0.0353871
0.108196
0.0209048
0.017422
0.0441742
0.0486096
0.0466132
0.027057
0.0946766
0.0290744
0.0273175
0.0171769
0.0182483
0.0700353
0.0675981
0.0972838
0.0360509
0.106607
0.0449206
0.0448141
0.0219782
0.0499414
0.0193368
0.0398713
0.0433266
0.0502623
0.0630455
0.025992
0.0679202
0.0783843
0.0581955
0.044927
0.085361
0.0525841
0.0509115
0.0325444
0.0132588
0.0344369
0.0565076
0.0571778
0.019564
0.0170545
0.0174639
0.0435771
0.0332692
0.0478309
0.0190682
0.017406
0.0442953
0.103594
0.0861231
0.0627656
0.105951
0.0387196
0.0405132
0.0530039
0.0591833
0.0243793
0.0657931
0.0628588
0.0416776
0.056604
0.043778
0.0230645
0.0352793
0.0320313
0.0106157
0.0733117
0.0736548
0.0137435
0.0627759
0.0338202
0.0975842
0.0390032
0.0271033
0.0536481
0.0816669
0.0353018
0.0763237
0.0598896
0.0678566
0.0825704
0.0174759
0.0254243
0.0271647
0.0327089
0.0169493
0.029722
0.0385165
0.0121596
0.0373543
0.0369908
0.0188913
0.0725854
0.0248333
0.0270116
0.0279496
0.0834058
0.017397
0.0193335
0.0215222
0.0610631
0.030657
0.0162306
0.0235634
0.0488745
0.0754204
0.0273137
0.079912
0.0670151
0.0961047
0.0616246
0.0350926
0.0171901
0.0460374
0.0158705
0.0315345
0.0680426
0.056836
0.0525878
0.0144554
0.0480988
0.0717102
0.0432598
0.0211052
0.0725685
0.0394874
0.135117
0.106762
0.0317933
0.0655193
0.0213816
0.0844748
0.0264175
0.0472377
0.064094
0.0150664
0.0506581
0.0224767
0.0451813
0.0214553
0.0464142
0.0274206
0.105545
0.0429241
0.0427183
0.0500622
0.0716823
0.0235281
0.0186415
0.0606476
0.0273189
0.0339574
0.0336458
0.0287735
0.0847417
0.0656335
0.047199
0.0365883
0.0610181
0.0814965
0.0364616
0.0451841
0.0349531
0.0316434
0.0204764
0.0446438
0.0654129
0.0402266
0.0362389
0.0804515
0.0253711
0.0205195
0.0284585
0.0769859
0.108577
0.0734384
0.0511413
0.0344569
0.115161
0.0888304
0.0992733
0.0678432
0.0891003
0.0296644
0.0333759
0.0420221
0.0778493
0.0216261
0.0281881
0.0283599
0.0341863
0.0756774
0.0561954
0.0215706
0.018988
0.0264254
0.0178317
0.0357853
0.0365967
0.0335978
0.0300421
0.0258389
0.0170736
0.0382979
0.0293574
0.0730954
0.0224973
0.0227528
0.0339236
0.0601586
0.0318936
0.099566
0.0182656
0.0173937
0.0651374
0.0900251
0.0863517
0.0994334
0.0144465
0.147177
0.091485
0.119194
0.0199628
0.0315056
0.0268629
0.0217347
0.0414886
0.0265601
0.0415683
0.0758399
0.0415399
0.0130865
0.141668
0.0825128
0.0296957
0.0307598
0.0455393
0.0450632
0.0358542
0.0275836
0.0403
0.0247394
0.0215187
0.0351601
0.0304721
0.0166443
0.0338367
0.023216
0.0422674
0.0471268
0.123125
0.0925111
0.0457015
0.01791
0.0816842
0.0247843
0.0208176
0.0376239
0.0694422
0.0735251
0.0470318
0.0230137
0.00826515
0.0215391
0.0176866
0.0322077
0.0222299
0.0219435
0.051538
0.0301564
0.0219206
0.0354092
0.0248829
0.0185596
0.0369556
0.0412636
0.0251166
0.0228893
0.0201119
0.0532493
0.0670594
0.0461199
0.0219096
0.0197101
0.0222308
0.011913
0.0210267
0.0623323
0.018301
0.0209213
0.0537298
0.0451462
0.039476
0.0309254
0.00586477
0.0656635
0.0283922
0.0992041
0.0235051
0.0260711
0.0248178
0.0233293
0.0825038
0.0445683
0.0299525
0.0314577
0.0314557
0.0192426
0.0314412
0.106629
0.0749412
0.0549602
0.0847329
0.0646035
0.104865
0.0971121
0.0570203
0.0323813
0.0202793
0.0340384
0.0127659
0.0437758
0.0949394
0.0349161
0.0178134
0.0438709
0.0191723
0.0314331
0.0264116
0.0329886
0.019893
0.0253299
0.027645
0.018633
0.0269498
0.0473391
0.0149806
0.0377582
0.0267379
0.0280804
0.0828604
0.0672279
0.0265361
0.0479477
0.0493979
0.0211855
0.113506
0.0265718
0.0479952
0.0659742
0.0715066
0.0589119
0.0173015
0.0203721
0.112976
0.0927704
0.0586103
0.0122479
0.0407409
0.0263868
0.0750759
0.0248442
0.0246154
0.0295329
0.0319544
0.138079
0.0268393
0.0519772
0.0821785
0.10916
0.103965
0.103946
0.0466178
0.0739699
0.11527
0.0276666
0.0336473
0.0337379
0.00897869
0.0170352
0.0121564
0.0215186
0.0312545
0.0902023
0.0448412
0.0201614
0.025625
0.0186751
0.0134093
0.0298885
0.0228098
0.0226934
0.0362772
0.0234358
0.0369729
0.0194332
0.0445326
0.012586
0.00969881
0.0916509
0.0257434
0.0320062
0.0743069
0.0496004
0.0660509
0.0179664
0.0389329
0.0793548
0.0423853
0.0634077
0.0944882
0.127923
0.0400821
0.0419801
0.0998311
0.046905
0.0348784
0.0263803
0.023887
0.0382805
0.0708707
0.0349474
0.0921061
0.0582803
0.0181896
0.0365448
0.0260061
0.0312218
0.0803299






El planificador: PRMkConfigDefault
0.0294688
0.0251456
0.0628468
0.0768993
0.0216013
0.0215562
0.0789649
0.0371856
0.0576341
0.0467987
0.025067
0.0384779
0.0461583
0.0242916
0.0457453
0.0571382
0.0276616
0.0979405
0.0415023
0.0380924
0.0145222
0.0486876
0.0244907
0.080559
0.0174939
0.0805238
0.0801333
0.0237897
0.059097
0.0456389
0.0567499
0.0635384
0.070523
0.0269068
0.0237917
0.0763041
0.0227887
0.0853529
0.0369131
0.0382655
0.0231528
0.0307876
0.0235854
0.0868918
0.0156197
0.012671
0.0238172
0.0319408
0.0169848
0.022816
0.0398292
0.027779
0.0843279
0.0605414
0.104722
0.0358814
0.0372214
0.0217692
0.0190688
0.037041
0.0379512
0.0289641
0.0443476
0.0336249
0.0261948
0.0248261
0.0424504
0.076598
0.0814811
0.0846621
0.0299897
0.0239227
0.0379401
0.0166192
0.0451558
0.0305097
0.0571322
0.0296839
0.0246158
0.0228416
0.0234273
0.028759
0.0240336
0.0956127
0.0162441
0.0488473
0.0352689
0.016136
0.0767149
0.023281
0.0383606
0.0435836
0.0560106
0.0535822
0.0282119
0.0862438
0.0517436
0.075274
0.038663
0.0657808
0.0468629
0.0462766
0.0252469
0.0360334
0.0465439
0.0348243
0.0226719
0.0581738
0.0183574
0.0476068
0.0545602
0.0656137
0.0238552
0.0683822
0.0235534
0.0277206
0.0294053
0.0171997
0.0305164
0.037674
0.130288
0.035887
0.0227093
0.0251746
0.0435529
0.0594688
0.0191093
0.0438444
0.0276734
0.0210914
0.0242855
0.0446085
0.0888266
0.0234928
0.0838588
0.0359628
0.0491227
0.0493947
0.0259384
0.0902366
0.0258116
0.0203704
0.0226595
0.0288163
0.0229532
0.0451703
0.0268087
0.0476389
0.0323032
0.0421191
0.0212938
0.0251488
0.03831
0.0668691
0.0558973
0.0330481
0.0358731
0.0886766
0.0152875
0.0753055
0.0970775
0.0547052
0.0432631
0.0462927
0.0520487
0.0325581
0.046517
0.0929747
0.0328615
0.0613995
0.0561165
0.0386954
0.0520965
0.0663238
0.0449424
0.0237983
0.0930987
0.0643363
0.0371098
0.0307217
0.0792252
0.0298481
0.0989517
0.023679
0.0294737
0.0330562
0.0534357
0.0942355
0.0761063
0.0228016
0.0630921
0.0977859
0.0420991
0.0222989
0.0443711
0.0782833
0.019536
0.0417998
0.0625663
0.0242813
0.0229246
0.0417168
0.100405
0.0225084
0.035576
0.0388034
0.0310166
0.0277295
0.0537558
0.0674545
0.0148208
0.0284546
0.0136276
0.0343577
0.0153863
0.0704406
0.0429547
0.0810093
0.0133437
0.0547803
0.0532433
0.0518364
0.0641453
0.0601752
0.0308215
0.0529702
0.0734127
0.0664261
0.0497611
0.081894
0.0368673
0.0411809
0.0535447
0.0569299
0.0360926
0.0398457
0.0268602
0.029503
0.0403062
0.114754
0.0520488
0.0254339
0.0856325
0.0137018
0.0238585
0.0483585
0.0248475
0.0830447
0.0365136
0.0237658
0.0539965
0.0490043
0.022209
0.0249119
0.0174284
0.0528269
0.0650517
0.0661558
0.0531985
0.0226366
0.0229255
0.0867024
0.0470403
0.0712069
0.0955706
0.0552667
0.0256797
0.0789232
0.0527907
0.0246038
0.036762
0.0837625
0.033589
0.0396621
0.058555
0.0223803
0.063897
0.0223463
0.0662367
0.0511887
0.037797
0.0258402
0.0629892
0.0737272
0.0221068
0.0285915
0.0346632
0.0345344
0.0463192
0.0486447
0.0468991
0.0322235
0.0309806
0.0151326
0.050717
0.0179016
0.0644554
0.0996819
0.0675315
0.0738568
0.0682
0.0522093
0.0396082
0.0781081
0.0218272
0.0826195
0.0331024
0.0526636
0.0153866
0.0243327
0.0235184
0.103162
0.104423
0.0451211
0.0507027
0.052899
0.127688
0.0824692
0.0774615
0.0920945
0.0407262
0.0265202
0.0544355
0.117762
0.0648434
0.0657092
0.0677665
0.0884796
0.0414839
0.0950027
0.105875
0.0341946
0.0647602
0.0634935
0.0761999
0.0450956
0.0342134
0.0243713
0.0232861
0.0663792
0.100307
0.0512408
0.0782245
0.0147699
0.0339444
0.0736323
0.0800924
0.1061
0.0496959
0.0362163
0.0548026
0.0477939
0.0234551
0.0597925
0.0466088
0.0321415
0.0195985
0.0599748
0.0425997
0.0616689
0.0271433
0.0625518
0.0526764
0.0314383
0.0136447
0.039517
0.026107
0.0448214
0.074004
0.0729096
0.0256409
0.082123
0.0385829
0.0619899
0.0424095
0.0596791
0.0345033
0.0747173
0.0434638
0.119448
0.0368016
0.037288
0.0230435
0.0570771
0.111489
0.0464845
0.0301295
0.0372777
0.0321119
0.053887
0.0269095
0.0821569
0.0356977
0.097739
0.0312118
0.0229884
0.0937026
0.0251385
0.0285667
0.0690484
0.0575173
0.0279168
0.0968335
0.0927614
0.0299737
0.0310397
0.0587748
0.0474343
0.0146469
0.0271219
0.0844225
0.0185324
0.0695355
0.0279272
0.0422751
0.0412033
0.020794
0.0778234
0.0552782
0.0226185
0.0238255
0.0594377
0.0544886
0.0271088
0.0549119
0.0743955
0.0700625
0.0522931
0.0224189
0.0321197
0.0564478
0.0280852
0.0731936
0.0378016
0.0279135
0.0401851
0.0446187
0.0278986
0.0775961
0.0227991
0.0788615
0.036762
0.058102
0.0925166
0.0489005
0.0204369
0.0219797
0.046304
0.0236365
0.0489085
0.0523877
0.0480677
0.0262092
0.05918
0.0505557
0.0500796
0.0282238
0.0448878
0.0863146
0.0446328
0.076529
0.101908
0.0259133
0.030705
0.0742859
0.0378037
0.097651
0.0504071
0.0436578
0.0477516
0.0901195
0.0248344
0.0281463
0.0318478
0.0421852
0.089288
0.0774101
0.0240563
0.030454
0.0831987
0.0332575
0.0379732
0.0980664
0.0889772
0.0568108
0.0791822
0.0600431
0.0674561
0.0282844
0.0194613
0.0811853
0.0502578
0.0217618
0.014088
0.0924832
0.059617
0.0372646
0.0187737
0.0346045
0.0533998
0.0233039
0.0687142
0.0706914
0.0621469
0.0306022
0.0307336
0.0292221
0.025493
0.0225714
0.0308192
0.0260775
0.0370848
0.0324285
0.0263499
0.0232243
0.0512687
0.0878446
0.0446068
0.0142578
0.0239382
0.0756565
0.0746027
0.0488527
0.0966054
0.0783729
0.0512991
0.0279942
0.0353119
0.105035
0.0241373
0.132066
0.087218
0.0332575
0.103817
0.0846053
0.0396796
0.0490933
0.0378966
0.0673579
0.0679452
0.045359
0.0681787
0.0764668
0.103738
0.0231424
0.0288579
0.0219299
0.0243528
0.0758256
0.0440444
0.0464441
0.039404
0.0387657
0.0472541
0.0675177
0.0566268
0.0380372
0.0377482
0.011647
0.0643458
0.0414828
0.0337176
0.0300438
0.0304721
0.028788
0.0233964
0.0365713
0.0576323
0.0470433
0.0613238
0.0232581
0.0357868
0.0237168
0.0575676
0.0248608
0.0283702
0.0282647
0.0233977
0.0635557
0.0245615
0.0245151
0.103139
0.0412688
0.0917749
0.0277564
0.0643031
0.0243521
0.037199
0.0437338
0.0258878
0.0676479
0.0219897
0.0844352
0.0233903
0.0609206
0.0605138
0.04938
0.0121644
0.0278783
0.0244717
0.0261944
0.0284873
0.0224114
0.0253027
0.0125843
0.0342903
0.0841515
0.0238988
0.0510421
0.0654496
0.0445601
0.0441188
0.0987864
0.0267226
0.022959
0.0142453
0.0279016
0.0370568
0.0675161
0.0138578
0.103962
0.0234828
0.0560462
0.0439546
0.0257655
0.0651272
0.0807628
0.0423562
0.0322653
0.0695554
0.0424557
0.0621899
0.0741276
0.0362716
0.10192
0.0465946
0.0222976
0.0362393
0.0707309
0.120268
0.0663776
0.0854829
0.0632802
0.0260103
0.135288
0.0225237
0.0212512
0.0663794
0.0393131
0.0687292
0.0564235
0.0475948
0.0793745
0.0367904
0.0679162
0.0369266
0.0139051
0.0359275
0.0255935
0.0142701
0.0595271
0.0311023
0.0571197
0.0313062
0.13418
0.0747386
0.0218967
0.0370769
0.0218278
0.0571515
0.0839948
0.0914196
0.0400212
0.0220017
0.0412721
0.0353231
0.0221738
0.0417429
0.0301278
0.0128731
0.0443838
0.0654627
0.0491055
0.0476335
0.0399024
0.0244556
0.0481979
0.0489666
0.0337552
0.0735847
0.0839093
0.0387271
0.107769
0.0190024
0.0338672
0.0243524
0.0639142
0.018947
0.0585794
0.0895977
0.0516975
0.0484404
0.0230456
0.0936278
0.03129
0.0661559
0.0350286
0.0234966
0.0392386
0.050772
0.0360215
0.117714
0.0234483
0.0734475
0.0442376
0.0582289
0.0125816
0.0140859
0.0723836
0.0226291
0.0243332
0.0225099
0.0642821
0.0519104
0.0362414
0.0760469
0.0445009
0.0592584
0.0426167
0.0405167
0.0418499
0.0229494
0.0362412
0.0270106
0.0521342
0.029844
0.0230354
0.0853779
0.048015
0.110926
0.0219697
0.0441527
0.0251319
0.0197239
0.0247184
0.023703
0.0467857
0.0460829
0.043035
0.0407027
0.0671715
0.046176
0.0708153
0.0439249
0.0748828
0.0272462
0.108896
0.0338437
0.0254389
0.0436438
0.0307281
0.041715
0.0355662
0.0307658
0.0500823
0.046512
0.066212
0.04763
0.0416848
0.0302365
0.0345977
0.0725157
0.0464617
0.0234294
0.0625011
0.0399279
0.0291762
0.0948384
0.0238347
0.0445799
0.0232464
0.0494696
0.0382267
0.0576113
0.0641229
0.0741026
0.0878727
0.0211126
0.0575695
0.0507458
0.0498165
0.0338804
0.0639326
0.0135325
0.0758102
0.0180358
0.0601903
0.0421315
0.03507
0.044786
0.0177833
0.0229062
0.0539272
0.0185851
0.0410751
0.0543371
0.0311501
0.0232635
0.0281886
0.0252769
0.0766046
0.0500378
0.0575763
0.0997289
0.0433108
0.0694242
0.0350546
0.0321665
0.0615106
0.0123927
0.0254528
0.0260259
0.0311422
0.0283866
0.0524174
0.0664133
0.0265465
0.0382811
0.0224815
0.126556
0.0657199
0.0312816
0.0434334
0.0173673
0.0151751
0.021375
0.0538372
0.0384732
0.0266697
0.0439088
0.0355468
0.0574466
0.0457817
0.0985538
0.0805748
0.0254201
0.0257372
0.0753083
0.0456967
0.0235102
0.117371
0.0649403
0.0379159
0.060435
0.0393148
0.0474766
0.0231893
0.0250489
0.0296182
0.0396129
0.0515439
0.0230241
0.0627269
0.0247163
0.031616
0.0466706
0.0356792
0.0408787
0.0642972
0.0877105
0.0877615
0.0248525
0.0888073
0.0208603
0.0222687
0.0238344
0.0272476
0.0542864
0.0825552
0.0601191
0.119639
0.0870489
0.0407452
0.148977
0.0928494
0.0161927
0.0342812
0.0462703
0.0472997
0.0884276
0.0557534
0.0371351
0.0630866
0.063828
0.0624002
0.0618869
0.0804482
0.0703854
0.0964213
0.109793
0.0551531
0.0546458
0.0799542
0.0221448
0.0668816
0.0640619
0.0708171
0.0295145
0.0762146
0.025558
0.0527894
0.0224383
0.0331193
0.0349625
0.0275734
0.0646098
0.0434874
0.0172042
0.024823
0.0225466
0.0658169
0.0533151
0.0261387
0.0233279
0.0284899
0.0212811
0.0341248
0.0387394
0.0312426
0.032784
0.0560443
0.0235036
0.0926684
0.0284901
0.0261448
0.0151783
0.0934786
0.0308629
0.0238914
0.0276257
0.0219221
0.0753952
0.0802295
0.0407377
0.057035
0.017505
0.0265172
0.0627521
0.0199175
0.038271
0.0448332
0.0563471
0.0264359
0.0371206
0.0577884
0.0557664
0.0881745
0.0176352
0.0453036
0.0219035
0.0255984
0.0240411
0.0620162
0.0809196
0.0418435
0.0726955
0.0721836
0.0869649
0.0583187
0.0251869
0.171106
0.0246946
0.105802
0.037371
0.0502794
0.0394667
0.0497976
0.0519295
0.0999004
0.0335663
0.0183471
0.055454
0.048587
0.0254239
0.0584516
0.0668469
0.0543879
0.0260092
0.043488
0.0717204
0.026611
0.063033
0.0479592
0.0208229
0.0366558
0.0496559
0.113958
0.0769
0.112828
0.0251697






