MOVIMIENTOS DE POSICIÓN 2 A 1 
El planificador: ESTkConfigDefault
0.151168
0.101866
0.140199
0.0650713
0.121347
0.0851192
0.0466094
0.101539
0.0880453
0.0512979
0.12729
0.0571275
0.129792
0.0493567
0.199238
0.0990319
0.0480636
0.0476526
0.0507742
0.13895
0.0649185
0.0717749
0.0183532
0.0213583
0.0950232
0.0963558
0.173002
0.0637379
0.0528579
0.0383504
0.0398693
0.0951381
0.080381
0.0228125
0.166693
0.0835291
0.0541512
0.144508
0.15211
0.0413664
0.0615842
0.0878307
0.0600497
0.0410345
0.116306
0.0841447
0.103827
0.0255047
0.0894887
0.0579818
0.0806669
0.0682008
0.0517144
0.048169
0.0884351
0.0400505
0.105035
0.0279596
0.0453481
0.264324
0.108155
0.0511526
0.10337
0.0359146
0.087231
0.0841062
0.0208319
0.0393835
0.0193208
0.0691954
0.0864684
0.0543262
0.0829014
0.0859768
0.029036
0.0765578
0.0552335
0.099514
0.11004
0.1233
0.0358963
0.0941908
0.11306
0.113492
0.0726784
0.0452398
0.0628758
0.0466309
0.123495
0.113356
0.155543
0.0440122
0.13379
0.148332
0.130745
0.0480657
0.0900404
0.0665334
0.0530781
0.038764
0.0564259
0.0997624
0.086711
0.0395896
0.0833495
0.0572841
0.0622398
0.103635
0.0604122
0.0213063
0.063255
0.0336294
0.103729
0.0963738
0.181935
0.0428223
0.154698
0.0876244
0.0837982
0.0298152
0.203404
0.0624493
0.0337927
0.133369
0.0714964
0.227196
0.134071
0.120074
0.0399004
0.0523586
0.169541
0.0614737
0.0957686
0.0733867
0.114037
0.0986248
0.0452606
0.0130847
0.14761
0.0380331
0.0549675
0.125847
0.0757842
0.0217076
0.11549
0.0702785
0.0420036
0.204
0.0928496
0.0372507
0.115987
0.0964936
0.052311
0.0728403
0.0743222
0.0609253
0.127469
0.0480059
0.224505
0.149606
0.0289575
0.0463841
0.0623265
0.0502398
0.0804914
0.0420723
0.115235
0.115391
0.0401642
0.111528
0.0885636
0.0929058
0.158665
0.103977
0.104677
0.119478
0.0887361
0.0846417
0.0845588
0.10206
0.0949908
0.0864689
0.0952039
0.120926
0.0876337
0.0652768
0.0196109
0.0650052
0.0165791
0.0382614
0.139706
0.03386
0.0811046
0.0262687
0.0430024
0.0850429
0.0567098
0.0959789
0.0695572
0.111529
0.081391
0.0940394
0.0747685
0.0549893
0.0450329
0.0423286
0.068523
0.121908
0.0845581
0.241053
0.0771412
0.155885
0.037444
0.133012
0.0150986
0.0939931
0.0205294
0.0464089
0.0621465
0.0416322
0.128485
0.0589679
0.0842558
0.0223183
0.0991371
0.108816
0.0703834
0.108609
0.0935948
0.0560189
0.0780421
0.0278211
0.118876
0.0466575
0.0858701
0.0876728
0.0734416
0.0609422
0.0643593
0.0575096
0.0448131
0.0984416
0.0428093
0.0956882
0.134556
0.0869676
0.096795
0.153278
0.0290564
0.201071
0.126089
0.130268
0.122146
0.0517843
0.125486
0.070465
0.202937
0.068365
0.0946006
0.0252028
0.135496
0.0704554
0.195647
0.0692503
0.0661615
0.0389948
0.0858398
0.102234
0.044734
0.0845375
0.131039
0.0671839
0.103833
0.036532
0.0222045
0.0921899
0.0432353
0.0399684
0.0853227
0.0351696
0.0948852
0.0897663
0.0826159
0.0999781
0.0748489
0.149352
0.0945792
0.0753506
0.0917105
0.0778809
0.0445371
0.0945116
0.0797125
0.0862463
0.0582101
0.149387
0.0249965
0.0949049
0.112565
0.0469781
0.129035
0.0877027
0.0605944
0.0769615
0.105569
0.0758532
0.101722
0.0665538
0.0457607
0.0946376
0.0315082
0.0199219
0.0385192
0.0650967
0.129173
0.114724
0.0701754
0.0485022
0.105394
0.0933572
0.0731513
0.07528
0.108122
0.0810183
0.133396
0.062655
0.131208
0.0690178
0.105358
0.0859281
0.0489476
0.128563
0.139976
0.0711876
0.0711124
0.0747917
0.0431562
0.0613572
0.0266589
0.0288965
0.0199689
0.0494412
0.0997172
0.0331303
0.0558615
0.0468946
0.0477507
0.115634
0.0303822
0.0726467
0.0830152
0.0499095
0.0746174
0.0923677
0.0553755
0.0676918
0.043095
0.0955456
0.071163
0.0524427
0.0404007
0.115356
0.0360198
0.092714
0.101405
0.128859
0.0506467
0.113753
0.0517254
0.0341473
0.0914981
0.0805963
0.0801617
0.0827495
0.181506
0.117857
0.10884
0.00732713
0.0770818
0.134738
0.185363
0.223686
0.0451538
0.220935
0.072467
0.129368
0.0970534
0.11983
0.096396
0.0558479
0.158007
0.0548701
0.0468671
0.10887
0.1069
0.0783904
0.109871
0.0257566
0.0595574
0.148908
0.101034
0.0531015
0.0934305
0.113403
0.108705
0.138121
0.0745262
0.0596356
0.0803512
0.0621139
0.0945366
0.144228
0.0435772
0.091393
0.0805461
0.108819
0.152673
0.0842421
0.0631373
0.0514565
0.068275
0.0759023
0.0126337
0.156154
0.0843259
0.122763
0.103601
0.063076
0.0156946
0.11603
0.0321248
0.0110874
0.0729533
0.0524334
0.0604091
0.0538353
0.126533
0.103148
0.0429715
0.198226
0.0339488
0.0304897
0.0386931
0.0283148
0.160245
0.039029
0.098753
0.0209286
0.102839
0.16865
0.0585926
0.0535953
0.0887976
0.0861639
0.0585281
0.0447699
0.0819769
0.0504653
0.0765723
0.0438656
0.10825
0.0252871
0.0425543
0.116535
0.115985
0.0442434
0.0546738
0.0663224
0.0818814
0.114331
0.0570254
0.175175
0.0974344
0.0843468
0.0747188
0.090805
0.0931965
0.0424072
0.0236572
0.0589972
0.0944768
0.0270678
0.042657
0.0242207
0.0768874
0.0594051
0.038694
0.0609743
0.096069
0.185804
0.0568137
0.105512
0.0764202
0.0976551
0.0204399
0.0350192
0.0506589
0.0906888
0.108597
0.0809902
0.0205593
0.0552532
0.161272
0.0310438
0.115086
0.0861217
0.067593
0.121075
0.19308
0.168239
0.0554691
0.127221
0.0795898
0.0698302
0.0540359
0.126882
0.0470283
0.124089
0.0425411
0.0721102
0.0739238
0.119554
0.0303639
0.0556785
0.0857777
0.088904
0.0834249
0.040813
0.0565646
0.0281042
0.17851
0.0617081
0.153011
0.0655209
0.05881
0.0293928
0.0439925
0.0540963
0.0922203
0.116934
0.0300552
0.103738
0.0777296
0.0464639
0.109295
0.0314679
0.0149056
0.0211012
0.130846
0.0730581
0.0406061
0.0539745
0.0784885
0.160273
0.0913557
0.0863703
0.0925491
0.105742
0.0374665
0.0723698
0.0398459
0.116374
0.0853974
0.0775827
0.0729581
0.0334521
0.151224
0.0560382
0.0587448
0.055761
0.201215
0.0306344
0.100262
0.0554276
0.0612242
0.0290763
0.0777835
0.06
0.159924
0.0246944
0.0887565
0.15636
0.0725309
0.0870847
0.0582033
0.0852713
0.0206756
0.0544627
0.120385
0.0881705
0.060582
0.0538085
0.0471915
0.0567203
0.0628203
0.0360456
0.0955166
0.116522
0.0999249
0.0292312
0.0372968
0.0845236
0.0566882
0.0592147
0.0365976
0.0647208
0.0716453
0.0849282
0.0668035
0.0456797
0.0584194
0.0655072
0.113695
0.107266
0.247554
0.0260899
0.123936
0.0267873
0.049774
0.1375
0.0953746
0.161113
0.114995
0.117729
0.00916703
0.181982
0.062901
0.0329017
0.0978927
0.0872501
0.0417924
0.0313173
0.147042
0.0455967
0.19104
0.041246
0.0819597
0.0724671
0.0823823
0.104628
0.0564879
0.0858055
0.0428767
0.0568674
0.0138668
0.157886
0.117667
0.0766172
0.0920541
0.0632287
0.0857163
0.0833989
0.0318439
0.106036
0.0548121
0.0720458
0.0561961
0.106508
0.0701444
0.151576
0.0570269
0.141936
0.052526
0.14494
0.0452623
0.0124145
0.059305
0.0667318
0.0560267
0.0360508
0.10006
0.0886791
0.078012
0.149347
0.0925246
0.143959
0.0453404
0.0284233
0.0386735
0.0521408
0.0230319
0.0753129
0.0565394
0.0377029
0.0227955
0.0741812
0.0541718
0.119964
0.0154386
0.140077
0.0224976
0.115081
0.0427449
0.152608
0.089462
0.0747645
0.166534
0.150605
0.164525
0.0792093
0.067773
0.0484359
0.090706
0.033738
0.125343
0.00342493
0.0383833
0.0260785
0.123502
0.0683489
0.0523012
0.0263369
0.126997
0.0554449
0.132647
0.11381
0.148776
0.175996
0.066532
0.0456215
0.0842784
0.08534
0.0365575
0.0913317
0.101493
0.0355204
0.0947027
0.162239
0.09305
0.0530833
0.0252144
0.0394861
0.06397
0.0719328
0.0646746
0.0483712
0.117757
0.128328
0.0705901
0.0923888
0.0640034
0.0920925
0.0886797
0.117995
0.0343421
0.141656
0.0748347
0.030288
0.111843
0.0960199
0.112679
0.0591408
0.107759
0.093577
0.106502
0.0629178
0.0991218
0.0595026
0.0574474
0.0609992
0.170882
0.175584
0.0690395
0.120092
0.0843152
0.0517799
0.0948286
0.07087
0.136039
0.130805
0.0318412
0.0988529
0.0528758
0.0844851
0.0940326
0.0717767
0.0952361
0.0566722
0.103246
0.0454379
0.0734554
0.109893
0.151118
0.115674
0.0681227
0.0384892
0.104674
0.133716
0.0476461
0.0337358
0.109298
0.039021
0.0840421
0.0738127
0.0522869
0.0962364
0.0614937
0.0468352
0.0241821
0.0901194
0.147016
0.0952392
0.120864
0.126049
0.069282
0.139996
0.0891853
0.087489
0.089606
0.107462
0.0157374
0.0341835
0.102484
0.0823605
0.126608
0.0744813
0.128827
0.0911464
0.050644
0.120751
0.0599926
0.0865281
0.0386516
0.0924801
0.0815326
0.158555
0.122664
0.110603
0.121249
0.119681
0.093995
0.0731128
0.19685
0.114646
0.143493
0.0489926
0.0687329
0.0653905
0.0654129
0.0516315
0.0551145
0.129881
0.100416
0.0419162
0.0394166
0.046705
0.0820667
0.0599981
0.0871452
0.123824
0.164601
0.0456675
0.118386
0.0667441
0.273612
0.12401
0.0605995
0.119737
0.0298244
0.0615902
0.107605
0.0734258
0.0443442
0.146838
0.043626
0.0459215
0.135395
0.0603758
0.0694108
0.133198
0.0603079
0.0725481
0.0235194
0.0523665
0.0462648
0.109258
0.0302903
0.107286
0.112598
0.0703237
0.107777
0.0664895
0.0261653
0.144538
0.0396363
0.0164823
0.0306998
0.0691495
0.174182
0.0966018
0.109767
0.153393
0.0879433
0.0219546
0.0366522
0.0263055
0.120188
0.0510227
0.0657904
0.0574785
0.133791
0.0515563
0.0449604
0.0689644
0.0578952
0.114705
0.119903
0.0310275
0.0406451
0.0478118
0.138831
0.0786771
0.0613765
0.119776
0.0140125
0.162592
0.164162
0.080694
0.166336
0.0661678
0.174218
0.034411
0.0952166
0.0456483
0.0448359
0.0301416
0.0951982
0.0543218
0.0375771
0.050184
0.0478775
0.0926634
0.0580609
0.0727275
0.112089
0.106082
0.13334
0.128623
0.0917975
0.120076
0.0626871
0.107632
0.053282
0.111338
0.083444
0.0732936
0.119667
0.0750573
0.0313155
0.032311
0.0740918
0.0542042
0.126371
0.0855415
0.116842
0.113484
0.0134706
0.168758
0.0702305
0.0474211
0.0427358
0.0894076
0.0831152
0.0453969
0.142281
0.131641
0.0432074
0.0267275
0.107266
0.039435
0.119091
0.182377
0.0938454
0.0812901
0.0734554
0.13609
0.0404291
0.0505111
0.129814
0.0811588
0.0658943
0.132633
0.132172
0.0490638
0.0687757
0.0680222
0.0286219
0.119143
0.082758
0.0985994
0.0270935
0.0962879
0.0386087
0.0243555
0.186039
0.0728604
0.118953
0.0614969
0.0480615
0.108953






El planificador: RRTConnectkConfigDefault
0.0282049
0.0250239
0.0211964
0.0903002
0.0290774
0.0350301
0.035066
0.0296645
0.0430833
0.0201315
0.0284193
0.0472119
0.0300211
0.020095
0.0222374
0.028259
0.0870516
0.0243484
0.0273739
0.0267058
0.0239524
0.0259235
0.0288302
0.0168403
0.0274725
0.0320186
0.0306356
0.0173225
0.0305017
0.0275002
0.041933
0.0300215
0.0266955
0.0270632
0.0214157
0.0297894
0.0643372
0.0727227
0.0264804
0.01843
0.0317304
0.0450341
0.0409335
0.0272907
0.0389034
0.0448852
0.0951028
0.0369823
0.0251825
0.0363915
0.0298205
0.0313564
0.0323385
0.0265803
0.0342359
0.0278692
0.0162951
0.0147596
0.039491
0.0403242
0.0436449
0.0526693
0.0974873
0.0320459
0.0703705
0.0549114
0.0576331
0.0379039
0.0511317
0.0264743
0.0292828
0.035053
0.0614209
0.0259395
0.0370952
0.0288937
0.0264407
0.0306576
0.0322348
0.0194442
0.0282228
0.057672
0.0287865
0.0212187
0.0678933
0.0401297
0.0379317
0.0309951
0.0173935
0.0316315
0.0324174
0.0618016
0.0222029
0.0313734
0.0373194
0.0617098
0.0294254
0.0196747
0.0495507
0.0354486
0.0586728
0.0234106
0.0343771
0.0340342
0.0709038
0.0424646
0.0303426
0.0376777
0.0278677
0.0456588
0.0246771
0.0293657
0.0277041
0.0296957
0.0512452
0.0289954
0.0440405
0.0283551
0.0291852
0.0326504
0.0346635
0.0137756
0.0316513
0.0303441
0.0252314
0.0480968
0.0193147
0.0284849
0.0245716
0.0446522
0.0212931
0.0377574
0.0319788
0.0763742
0.0317662
0.0278233
0.0374333
0.0317037
0.0457184
0.0246889
0.0252997
0.0285122
0.0149182
0.021956
0.0251676
0.0294118
0.0182594
0.0433722
0.0251921
0.0269303
0.0347619
0.0308499
0.0292958
0.0347713
0.0314499
0.0161399
0.0247673
0.0270558
0.015412
0.0187462
0.0314265
0.0375336
0.0341988
0.0449466
0.0252463
0.0363949
0.0327904
0.0173415
0.0181026
0.0269177
0.0304508
0.0269507
0.0263655
0.0286709
0.0662797
0.0245496
0.0449962
0.0280846
0.0240717
0.0257708
0.0543328
0.0182857
0.0341556
0.0291495
0.0254805
0.0357037
0.0294673
0.0251754
0.0300132
0.0277794
0.0260947
0.0333002
0.0249318
0.0559854
0.0448924
0.0322623
0.0254705
0.0317242
0.0272765
0.0325103
0.0421821
0.0239693
0.0255635
0.0237043
0.0198403
0.0577892
0.0342288
0.07173
0.0609519
0.0291092
0.0271498
0.0369972
0.0365436
0.0185454
0.022103
0.0227314
0.0278965
0.0160841
0.0276942
0.0161395
0.0943829
0.0358285
0.0443928
0.0146543
0.039654
0.0272805
0.0288164
0.0356647
0.0327869
0.026689
0.0148284
0.0428972
0.0252193
0.0281905
0.029999
0.0307561
0.0388403
0.0271719
0.0378138
0.0861929
0.0958007
0.0265976
0.0416732
0.0406158
0.0440199
0.0444701
0.0276453
0.0282825
0.0473129
0.0320092
0.0392598
0.046691
0.0316042
0.0707542
0.0581737
0.0285031
0.0286727
0.0428164
0.0254433
0.048406
0.022238
0.0326301
0.0591767
0.0297734
0.0269284
0.0190785
0.0443864
0.0311361
0.0344598
0.017297
0.0267329
0.02517
0.0350701
0.0184611
0.0188874
0.0464933
0.023084
0.021174
0.013652
0.0262925
0.026504
0.0360616
0.0367319
0.0265385
0.0177637
0.0202622
0.0190403
0.0306818
0.026292
0.0299737
0.0194784
0.0260944
0.0239416
0.0247374
0.0331629
0.0285162
0.076967
0.0741661
0.111639
0.0269463
0.018251
0.0309515
0.0261057
0.0263458
0.0252079
0.02212
0.0262625
0.0359282
0.0247194
0.0256726
0.0314108
0.0338265
0.0295256
0.0430107
0.0573347
0.0528459
0.0273342
0.0336999
0.0312902
0.0382643
0.0507864
0.050527
0.0323387
0.0361291
0.0352338
0.0272114
0.0317667
0.0287885
0.0300222
0.0285107
0.0581459
0.0219399
0.0327014
0.0323451
0.0461741
0.0268477
0.0369073
0.0331246
0.0352102
0.0302785
0.036611
0.026752
0.0163365
0.0412288
0.0354159
0.0445708
0.0274216
0.0284135
0.0356394
0.0305514
0.0444826
0.0434949
0.0920854
0.0581947
0.0593656
0.0358424
0.0291545
0.0287807
0.0220691
0.0253249
0.0241477
0.028457
0.0662435
0.0332764
0.0600014
0.0511545
0.0274086
0.0287661
0.0237336
0.0319187
0.0177919
0.0321914
0.0266509
0.0272383
0.0334547
0.0296224
0.0643837
0.0289556
0.0269411
0.0216885
0.0377455
0.0850323
0.0303092
0.0264736
0.030626
0.0150309
0.0433356
0.0260053
0.0290615
0.0233958
0.0375015
0.0150799
0.0255395
0.0294431
0.0597425
0.0398231
0.0466834
0.0262481
0.0277576
0.0567529
0.0341035
0.0201062
0.0567276
0.0207145
0.0310731
0.061554
0.0302424
0.0699257
0.0301348
0.0322682
0.0734698
0.058422
0.0261496
0.0192675
0.0702143
0.0481075
0.0589284
0.0293523
0.0361236
0.0444402
0.0564949
0.0278452
0.0285088
0.0181513
0.0286835
0.0253441
0.0497069
0.0714802
0.045943
0.036914
0.0279579
0.0271586
0.0214946
0.0733855
0.0327602
0.0452694
0.0347311
0.0335136
0.0284351
0.048444
0.0227438
0.0418497
0.0230109
0.0272949
0.0333867
0.033722
0.0287353
0.0143586
0.0279085
0.0268547
0.0190348
0.0591934
0.0254913
0.0170711
0.0415457
0.0436142
0.0650423
0.0192166
0.0244666
0.0340078
0.0370447
0.0269995
0.0256634
0.0352594
0.0381256
0.0288319
0.0423705
0.0154882
0.0384914
0.026625
0.0732788
0.0317285
0.0573354
0.0158897
0.0260485
0.0230318
0.0281449
0.0579578
0.0305626
0.0395863
0.0288674
0.0770639
0.0757465
0.0240439
0.0381504
0.0287446
0.03315
0.0192462
0.0537804
0.0450457
0.0176085
0.029241
0.0314432
0.0535312
0.0924391
0.0435588
0.031284
0.0336997
0.0573535
0.0292647
0.0245749
0.0291029
0.0217117
0.0224677
0.0405131
0.0318911
0.020065
0.0341141
0.0311265
0.0272821
0.0407583
0.0254957
0.0358233
0.0349262
0.0270038
0.0354121
0.0297247
0.0180034
0.0263439
0.02635
0.0649221
0.0118036
0.0300245
0.0317105
0.0296697
0.0513823
0.0472818
0.0517137
0.0435319
0.0327177
0.0430635
0.0594866
0.0611394
0.0306935
0.0543201
0.0612811
0.0263143
0.0411986
0.0266205
0.057723
0.0230467
0.0284443
0.0186828
0.0369462
0.0323183
0.0308063
0.0310212
0.0260076
0.0216588
0.0251228
0.0296081
0.0171525
0.0483745
0.0614575
0.0205575
0.0325768
0.0312575
0.0220717
0.0476304
0.0270646
0.0136489
0.0242765
0.0182745
0.029882
0.0410212
0.0279919
0.0308838
0.036823
0.0949943
0.0207123
0.0233401
0.0183538
0.0262596
0.0325651
0.027745
0.0316279
0.0744888
0.0257106
0.0347679
0.0234168
0.0444422
0.027992
0.0223449
0.0247743
0.0481529
0.0234091
0.11886
0.0361663
0.0287457
0.0369147
0.0331507
0.035348
0.025389
0.0169335
0.031681
0.0266365
0.0267273
0.115019
0.0378568
0.032393
0.029015
0.0295125
0.0367991
0.0206422
0.0427623
0.0582056
0.0316882
0.0418017
0.0432059
0.0164137
0.0407667
0.0253912
0.0244115
0.0197514
0.0471662
0.0271621
0.0262011
0.0275682
0.0139161
0.0202625
0.0185498
0.0446941
0.0334704
0.038011
0.0260631
0.0261387
0.0260775
0.0289676
0.033086
0.0285251
0.0243577
0.0241083
0.0334324
0.0548693
0.0326305
0.0233141
0.0199229
0.0243653
0.0216556
0.0308784
0.0288632
0.0455697
0.0380256
0.020528
0.0317525
0.0255393
0.0187258
0.0300671
0.0272662
0.0471578
0.03084
0.0227418
0.0309433
0.022986
0.0313561
0.0245062
0.0264142
0.0866728
0.0361982
0.0326651
0.0320742
0.0264703
0.0190378
0.029976
0.0243035
0.107844
0.0367438
0.0304431
0.0604494
0.024422
0.017896
0.0195013
0.0392252
0.025816
0.0206658
0.0296159
0.0373762
0.034688
0.0297707
0.0178947
0.0178609
0.0350826
0.0198843
0.025875
0.0329619
0.0210037
0.0496556
0.0643517
0.0352732
0.0188751
0.0769051
0.0179115
0.0333709
0.0339013
0.0214215
0.0325351
0.0259857
0.0428368
0.0161128
0.054762
0.0728764
0.0496993
0.0263745
0.0441755
0.0285294
0.048272
0.041074
0.0534725
0.0281385
0.0362068
0.0388507
0.0139238
0.0261479
0.0389075
0.0280738
0.0224797
0.0401173
0.0232469
0.0251433
0.0345792
0.0301288
0.0285564
0.0303539
0.0369373
0.0268511
0.0545955
0.0611675
0.0588027
0.0520413
0.0323869
0.0871083
0.0305037
0.035335
0.0546643
0.0285406
0.0343281
0.0306572
0.0266279
0.0237238
0.038047
0.0611556
0.0448863
0.0260141
0.0771943
0.0534588
0.0327573
0.029822
0.0385237
0.0336421
0.0209722
0.0262572
0.0387412
0.0159315
0.0453206
0.0391861
0.0259494
0.0298051
0.0316148
0.0342723
0.0496721
0.0228704
0.034552
0.0532651
0.0317519
0.0273448
0.0878811
0.0290391
0.0362531
0.0490853
0.0326652
0.0538653
0.0337376
0.028127
0.0593747
0.0172789
0.0314346
0.0687063
0.0283423
0.0458293
0.0265412
0.033634
0.0229304
0.0131787
0.0140324
0.0169691
0.0167633
0.0161474
0.0248264
0.0336669
0.0159324
0.032483
0.0158604
0.0175737
0.0204333
0.0164242
0.0209139
0.0372947
0.0627634
0.0655277
0.0195118
0.0607581
0.0300842
0.0284234
0.03498
0.0489422
0.075765
0.0566022
0.0561228
0.0227154
0.0309831
0.0664901
0.0510962
0.0321054
0.0471353
0.0565689
0.021901
0.0321501
0.0326255
0.0320389
0.0164608
0.0196865
0.0280021
0.0323651
0.0308364
0.0347416
0.032472
0.0255169
0.03003
0.0201061
0.0390364
0.0332095
0.0258832
0.0248608
0.0256676
0.0148109
0.0709124
0.0276401
0.0222892
0.0849147
0.0202278
0.0269741
0.0308871
0.0324138
0.0287127
0.0262241
0.0236396
0.0336716
0.040724
0.0280861
0.0301563
0.0421076
0.027165
0.0200193
0.0329358
0.0263554
0.0358592
0.0278358
0.0435119
0.0281245
0.0348016
0.0363653
0.039092
0.0441815
0.0192022
0.038917
0.028434
0.0198791
0.0590649
0.0276202
0.0376933
0.0311127
0.0283863
0.071
0.0237184
0.0157928
0.0195665
0.031967
0.0180795
0.0285565
0.0291993
0.0443807
0.0277001
0.0255497
0.0262863
0.0320433
0.0312716
0.0376936
0.0425349
0.028779
0.016461
0.0364171
0.0245476
0.07181
0.0726325
0.038258
0.049536
0.0668882
0.0593587
0.0269432
0.0280881
0.026438
0.0246064
0.0266912
0.0130708
0.0177324
0.0293448
0.030709
0.0479192
0.0246914
0.0769601
0.0309581
0.0665245
0.0335645
0.034473
0.0344667
0.0220941
0.0601347
0.0299216
0.0436377
0.0301142
0.0512631
0.0252405
0.0343367
0.0327786
0.0577694
0.0276479
0.0360347
0.0435007
0.0366453
0.0279338
0.0304968
0.0255238
0.0564521
0.0206442
0.0409574
0.0626564
0.0294477
0.0852046
0.0295828
0.0300763
0.0314404
0.0278581
0.0356842
0.0284992
0.0240807
0.0213618
0.0262192
0.0329542
0.0279667
0.0246031
0.028807
0.0432746
0.0303746
0.0510597
0.0781026
0.0432203
0.0378926
0.0169668
0.0475312
0.0786926
0.0758584
0.0366016
0.0324507
0.0199533
0.028526
0.0313527
0.0249053
0.0270582
0.0573818
0.09688
0.0301947
0.0304991
0.0344347
0.064913
0.0806617
0.0652238
0.0528704
0.0577396
0.0228229
0.0550785
0.0506803
0.050619
0.0232958
0.0309304
0.0385517
0.0308202
0.0246536
0.0432105
0.0273037
0.02265
0.0277134
0.037448
0.0210807
0.0275708
0.0238117
0.0275207
0.0286939
0.0186476
0.0325046
0.0245703






El planificador: TRRTkConfigDefault
0.053358
0.062111
0.0443293
0.0120332
0.0685149
0.0192256
0.100403
0.0763739
0.0295578
0.0172174
0.0422425
0.0279373
0.0158454
0.0252112
0.0331575
0.0250169
0.0410145
0.059116
0.0225734
0.00858431
0.0639971
0.0197379
0.0292027
0.0217011
0.0347089
0.0698632
0.0164203
0.0475927
0.0348535
0.0786667
0.0694245
0.0664056
0.0241528
0.00779212
0.0247879
0.0429458
0.0700446
0.024197
0.039347
0.0162751
0.0314332
0.0425589
0.0389952
0.0254883
0.0240105
0.0350732
0.0187467
0.0260689
0.0924003
0.0376992
0.0158704
0.0324629
0.110714
0.050053
0.0341066
0.0808768
0.0253648
0.066592
0.0565244
0.0724833
0.0364484
0.0531685
0.0858093
0.11265
0.0606489
0.0391965
0.048775
0.0703433
0.0376942
0.0214492
0.0367809
0.0383584
0.0381473
0.0204877
0.0555354
0.020018
0.0201387
0.0297684
0.0637152
0.0539161
0.0192007
0.0475788
0.0443576
0.042791
0.0501418
0.0270943
0.0299247
0.0458854
0.0430238
0.0282062
0.029401
0.108953
0.106204
0.0237069
0.0674171
0.0554961
0.0787421
0.0375781
0.0303493
0.0164244
0.0824213
0.0409476
0.0767047
0.0497101
0.101197
0.0711502
0.117634
0.0518623
0.0743121
0.0262398
0.0634552
0.0258567
0.0896174
0.0434445
0.0226148
0.0273304
0.0314917
0.0579147
0.0405065
0.0361042
0.0222199
0.0182289
0.0503476
0.0311915
0.0914
0.0441407
0.0772781
0.0835319
0.0331135
0.0688265
0.0989808
0.0762465
0.0325537
0.0529304
0.0207194
0.0295508
0.0166908
0.0312738
0.0380871
0.0327345
0.0168881
0.0218065
0.066191
0.0384475
0.0484195
0.0676807
0.0990133
0.017985
0.0336324
0.0219469
0.0300714
0.0531647
0.0214882
0.034433
0.0335577
0.0183233
0.00663949
0.0488817
0.0152039
0.053525
0.103254
0.0507724
0.115432
0.0402969
0.0994935
0.0620628
0.0383199
0.04873
0.0491501
0.0483727
0.0684358
0.025384
0.0325179
0.0802887
0.0314499
0.0275118
0.0297971
0.0419596
0.028343
0.0997486
0.0251717
0.0260914
0.0164198
0.0345193
0.0434076
0.02255
0.0181802
0.0184366
0.0714305
0.0487261
0.0623809
0.0593803
0.034093
0.0242788
0.0217946
0.0580791
0.0476548
0.017142
0.0933918
0.0592137
0.0164309
0.114367
0.0830422
0.0614952
0.0200737
0.0246617
0.0590173
0.0527946
0.0312575
0.0720674
0.0411824
0.0326236
0.0186101
0.0154992
0.022664
0.027985
0.0198444
0.0841962
0.0251163
0.0340915
0.0247536
0.0198645
0.0212087
0.0569459
0.0255956
0.0617473
0.0482811
0.0423348
0.0251985
0.0379403
0.0254425
0.0614773
0.0297141
0.0708423
0.0765176
0.0258223
0.0167211
0.0856241
0.0620638
0.0165685
0.0556715
0.0257333
0.100348
0.0351396
0.0762788
0.0250921
0.0310161
0.0131722
0.0185737
0.0278791
0.044845
0.017644
0.0263223
0.0491636
0.0297836
0.0189179
0.0181616
0.0363792
0.0433364
0.0776135
0.0870774
0.0500208
0.0355608
0.0319069
0.0329596
0.0140566
0.00833107
0.0162907
0.02603
0.0965303
0.0885538
0.0272297
0.12637
0.0225793
0.0247851
0.0962597
0.0650875
0.108889
0.0617351
0.0718363
0.0301885
0.0117309
0.0369399
0.0512463
0.0422246
0.0330853
0.0532006
0.0614311
0.0640333
0.0448241
0.0265123
0.0915158
0.05572
0.0218479
0.0445047
0.0224468
0.0380436
0.0295814
0.0288349
0.0315057
0.022961
0.0910409
0.103754
0.0853477
0.0665957
0.0221668
0.0211694
0.0281851
0.0250077
0.0116897
0.0259965
0.0901015
0.0251163
0.0330751
0.0697281
0.076407
0.055575
0.0209456
0.0241893
0.0222382
0.0303433
0.0214043
0.02527
0.0191596
0.0733004
0.0502837
0.038463
0.0317103
0.0189172
0.0286417
0.0518482
0.0161846
0.0412232
0.0517954
0.0237594
0.0241831
0.0205171
0.00959261
0.0320481
0.0658761
0.0209226
0.0179349
0.0473101
0.018953
0.0135703
0.0226876
0.0305643
0.0169714
0.022709
0.0147732
0.0331497
0.0240743
0.020814
0.0206522
0.0288491
0.0511068
0.0920595
0.0733123
0.136048
0.0368382
0.0437895
0.0150532
0.0251021
0.0807524
0.0302734
0.104601
0.0286073
0.0684065
0.122607
0.0427225
0.0946903
0.0210229
0.103693
0.033132
0.0223531
0.025606
0.107512
0.0212049
0.0171645
0.072906
0.0232072
0.0702831
0.0499679
0.0243973
0.0371806
0.0157178
0.0876256
0.0683709
0.048565
0.0251891
0.0172348
0.0155839
0.0203176
0.0198471
0.0658754
0.0322699
0.0696482
0.0895577
0.0820719
0.107976
0.0954084
0.0439781
0.0243214
0.0604241
0.0196448
0.0184383
0.033019
0.0435373
0.043802
0.0293823
0.0178703
0.0470697
0.0682222
0.0811103
0.186716
0.0210927
0.0540161
0.029746
0.0431738
0.0253026
0.035321
0.0556383
0.0931502
0.0230684
0.0402352
0.0199195
0.0922157
0.0192582
0.0244958
0.0175972
0.0251317
0.0214844
0.0300136
0.0169579
0.115749
0.0266995
0.0783782
0.154364
0.0822582
0.0178479
0.0310553
0.033324
0.0273798
0.0154999
0.0476647
0.068236
0.0374184
0.0412157
0.0275623
0.0231493
0.00991216
0.0320172
0.0408658
0.0579591
0.0627227
0.0167558
0.029571
0.022518
0.0267382
0.0364408
0.031723
0.0340933
0.079559
0.0414658
0.068568
0.0315557
0.0386211
0.0588656
0.0309506
0.10579
0.0731361
0.0287841
0.0127124
0.0282216
0.0213735
0.0241167
0.00889484
0.0166749
0.0654498
0.022407
0.0669078
0.0210576
0.0413327
0.0163354
0.0213647
0.0403044
0.0303553
0.0273675
0.0479307
0.0145929
0.0187503
0.0554598
0.021906
0.0179317
0.0305612
0.0199452
0.030291
0.112067
0.0177801
0.0131717
0.038661
0.0317776
0.0856619
0.036272
0.0950024
0.0336845
0.0409344
0.0515612
0.0622768
0.0273983
0.0268138
0.07386
0.0815104
0.0358169
0.0243631
0.0327696
0.0292793
0.019891
0.023011
0.0218117
0.0918293
0.0222317
0.016912
0.0194987
0.0277748
0.0356586
0.0220107
0.0165968
0.03484
0.0424551
0.0275707
0.0725333
0.0609517
0.0649834
0.0654319
0.090262
0.0337959
0.0275119
0.00985336
0.0448289
0.0382044
0.100642
0.132196
0.0540431
0.0472955
0.031008
0.101235
0.0765186
0.0701088
0.0665518
0.0546222
0.0119541
0.0416364
0.0440511
0.0180759
0.0559681
0.0292351
0.0727037
0.0396887
0.0188639
0.104275
0.0356654
0.0358538
0.0381358
0.0878322
0.0790363
0.077658
0.0420663
0.0412965
0.0452812
0.0177887
0.0175336
0.0175117
0.0327765
0.0154077
0.0082436
0.0265791
0.0237489
0.0998171
0.0417907
0.0126034
0.00748995
0.018476
0.0303602
0.0157259
0.0209475
0.0229468
0.0406495
0.0328078
0.0512192
0.0963478
0.0650738
0.0411125
0.012102
0.0257502
0.0150474
0.0236911
0.0151089
0.0303599
0.0375832
0.0276773
0.0271627
0.0204157
0.0396873
0.0134522
0.0244217
0.0151941
0.037333
0.0223099
0.0341077
0.0307465
0.0362269
0.0660552
0.0152096
0.023551
0.049292
0.022146
0.0224169
0.0286069
0.0850421
0.0599821
0.0793334
0.013984
0.122486
0.0729754
0.024982
0.0285415
0.0288505
0.0331228
0.0391872
0.0154369
0.020614
0.0734743
0.0372091
0.0280721
0.0411532
0.0808078
0.0881668
0.10195
0.0337383
0.0838059
0.0260055
0.0294207
0.028889
0.0345951
0.0882511
0.0988461
0.0882234
0.0826011
0.0847892
0.117062
0.0828105
0.0358392
0.0299724
0.0156512
0.0180177
0.0366082
0.0230197
0.0740732
0.0470788
0.0209626
0.0267895
0.0969635
0.0502846
0.0260051
0.0252849
0.0414688
0.0707512
0.0970824
0.0482768
0.0291791
0.071067
0.0127348
0.0449027
0.0208258
0.0589267
0.0704774
0.0216777
0.0331661
0.0960983
0.0344209
0.0242626
0.0195894
0.047605
0.0400136
0.0294353
0.0773411
0.0656206
0.0369818
0.0274362
0.0265628
0.0738656
0.0266864
0.0235428
0.0240327
0.0392971
0.115313
0.102979
0.0653023
0.0254954
0.025634
0.0643558
0.0492456
0.050162
0.037945
0.0230115
0.0173734
0.082951
0.0561857
0.0352845
0.137862
0.0413928
0.0883803
0.0258692
0.0636931
0.0323993
0.0696657
0.0274583
0.0715946
0.0230658
0.0363019
0.0277484
0.0383241
0.0278835
0.0608493
0.0314935
0.0325587
0.0197672
0.0373318
0.0264333
0.0452877
0.0251888
0.0426122
0.0663975
0.053994
0.0629524
0.0609105
0.0285755
0.0485274
0.0318547
0.084617
0.0240604
0.0278491
0.0926072
0.0261374
0.105319
0.0968926
0.0328037
0.0491446
0.107798
0.0956965
0.0673283
0.0482228
0.0174312
0.0205952
0.0884307
0.0294513
0.0324955
0.0401433
0.0502873
0.0296862
0.0251468
0.0433361
0.0357509
0.0534303
0.0157055
0.0479853
0.0299379
0.0105175
0.0363247
0.0281719
0.0121255
0.0371111
0.0174219
0.0262755
0.0172643
0.00916569
0.0292271
0.0177541
0.0562642
0.0307214
0.0207223
0.0163886
0.0277559
0.0680493
0.0295913
0.0515344
0.106113
0.0407803
0.0546904
0.0359027
0.0873647
0.01512
0.019179
0.0389187
0.012283
0.0572403
0.0308023
0.0329479
0.0384352
0.0451137
0.088767
0.0412898
0.0426519
0.0796592
0.030834
0.0964207
0.0188246
0.0351977
0.0259663
0.0449345
0.0276617
0.0267583
0.0299135
0.0292194
0.0141891
0.0202794
0.0401367
0.0592892
0.0199248
0.0698636
0.0247512
0.0305586
0.0297744
0.0253365
0.0232533
0.0460721
0.0158039
0.00756573
0.0330294
0.0603777
0.0256819
0.0234086
0.0229389
0.0302467
0.0226616
0.0073964
0.0236495
0.0243778
0.0234804
0.0168974
0.0326313
0.0151467
0.0339875
0.0217752
0.0701003
0.0210851
0.0194891
0.0200784
0.0115942
0.0364458
0.0306221
0.0246289
0.0532025
0.0455479
0.0143809
0.0350155
0.0616962
0.0167479
0.0237133
0.0340338
0.0279008
0.0199067
0.0231372
0.031348
0.0192756
0.0389739
0.0410822
0.0528632
0.0911569
0.0279836
0.0244783
0.0566197
0.111132
0.072838
0.0955819
0.0172224
0.0191522
0.0552344
0.111729
0.0456927
0.0350016
0.0887679
0.114987
0.0208294
0.0613425
0.0245033
0.0230417
0.0757233
0.0345304
0.0858063
0.0183715
0.0198819
0.0165076
0.0135021
0.0175063
0.0175405
0.034369
0.0643808
0.0243126
0.0136001
0.107922
0.12643
0.0312889
0.0370191
0.0237144
0.00853428
0.101946
0.0278217
0.018227
0.0610342
0.0419385
0.021072
0.0297424
0.0178772
0.0329939
0.0153889
0.0310446
0.0697001
0.0750547
0.0602868
0.0410252
0.0340713
0.0414759
0.0338244
0.0541669
0.0564701
0.0180518
0.0171289
0.0304615
0.0990365
0.0144664
0.0309214
0.0460389
0.0396248
0.0754508
0.0701346
0.0501523
0.0155483
0.111344
0.0746025
0.115091
0.110934
0.104374
0.0991818
0.0178228
0.0695096
0.0485588
0.0429328
0.0175001
0.0212177
0.0255493
0.021546
0.0293529
0.0453159
0.0214371
0.0117286
0.0540298
0.050427
0.0410636
0.0213612
0.0322413
0.0330222
0.0367134
0.0216883
0.0286036
0.067275
0.0199773
0.0564988
0.0207899
0.0882499
0.037003
0.0271875
0.0209914
0.0213474
0.0303279
0.0594235
0.101529
0.109861
0.0192702
0.0464617
0.0738832
0.0973166
0.0185879
0.0531939
0.0875705
0.0692702
0.044059
0.0163403
0.0554451
0.0323823
0.0477076
0.0373236
0.0554737
0.0503961
0.0447444
0.0429098
0.036441
0.0839913
0.0450753






El planificador: PRMkConfigDefault
0.0481902
0.0451767
0.0457534
0.0587131
0.0214439
0.0242768
0.0844894
0.0139601
0.0604469
0.0262614
0.0247905
0.0521562
0.0223202
0.0412122
0.0848676
0.0335736
0.0590039
0.0482045
0.045052
0.0777283
0.0389235
0.0248901
0.0220016
0.0715597
0.0227292
0.0309112
0.0389431
0.02397
0.0408231
0.0260007
0.0121067
0.0220869
0.0709757
0.0555715
0.0158539
0.0229441
0.0289278
0.0330599
0.0142375
0.0627674
0.0656191
0.0377907
0.0597434
0.0461817
0.0241678
0.0436199
0.0297307
0.0424236
0.0666145
0.0548836
0.0226453
0.108771
0.0460571
0.0716604
0.065271
0.0827087
0.0472634
0.0559521
0.0278663
0.02561
0.0543698
0.0146162
0.0727804
0.0282681
0.0338024
0.043807
0.0406851
0.0547639
0.0442136
0.039402
0.0607298
0.0849085
0.0343238
0.0851259
0.0617738
0.0456368
0.0936344
0.0493448
0.056301
0.0418988
0.0139933
0.0278618
0.061837
0.0525112
0.0157352
0.0221522
0.0792914
0.0460513
0.0266521
0.0536201
0.106557
0.0685374
0.0751268
0.0558212
0.0267789
0.0549042
0.0241353
0.0608046
0.0319667
0.0362471
0.0361771
0.014056
0.0320447
0.0275784
0.0342751
0.0871394
0.0503324
0.065804
0.0276518
0.0574723
0.0752317
0.0238029
0.0441733
0.0226473
0.0500976
0.0722213
0.0266761
0.0260506
0.0261516
0.0890179
0.0231718
0.0564765
0.0249135
0.0891117
0.0357015
0.014572
0.0344661
0.0385863
0.0251123
0.0508126
0.0245233
0.0253664
0.0584358
0.0303799
0.0725543
0.0664652
0.0294672
0.0420905
0.0693668
0.0885685
0.0913188
0.0759884
0.0621246
0.0690879
0.0240714
0.0233324
0.0280566
0.036678
0.0833084
0.0141843
0.054163
0.0386964
0.0136906
0.0598089
0.0349401
0.0411815
0.0334849
0.051337
0.031517
0.0518666
0.0347682
0.0239308
0.0453607
0.0745501
0.0350545
0.0578396
0.0766274
0.0220627
0.0870846
0.0266226
0.0553122
0.0388517
0.0312791
0.0364084
0.0487975
0.0256934
0.0850652
0.0229871
0.0322583
0.0880743
0.0312824
0.0178203
0.0942972
0.0614855
0.0226994
0.0640976
0.0157613
0.0868614
0.0576738
0.0281558
0.083153
0.0698534
0.0370556
0.0764677
0.0279218
0.0293281
0.0266195
0.0540979
0.0500015
0.0246329
0.0246401
0.060671
0.0505513
0.053412
0.0245851
0.0381885
0.0290772
0.0563505
0.0390502
0.0425404
0.0491135
0.0374664
0.0138649
0.038188
0.0736467
0.0364391
0.0393416
0.0505886
0.0605836
0.0754231
0.0149923
0.0275426
0.101672
0.07792
0.0348763
0.0338234
0.0618336
0.0262734
0.0285765
0.0190335
0.0382016
0.0434066
0.054805
0.0861905
0.0265194
0.0748383
0.100992
0.0757418
0.0167709
0.0318481
0.0746528
0.077724
0.0310634
0.0204982
0.104446
0.0455606
0.0155622
0.0399031
0.0240708
0.0570775
0.0226032
0.116201
0.0991205
0.094137
0.0474079
0.0299507
0.0123224
0.040993
0.043887
0.013529
0.0733691
0.0409934
0.0232736
0.0347862
0.0382516
0.0160687
0.0804454
0.0820821
0.0319718
0.0328019
0.0255182
0.0269268
0.0240074
0.0128632
0.0802304
0.0270517
0.0280137
0.0309842
0.0468863
0.0786399
0.0346011
0.0866507
0.0460704
0.0663013
0.0264265
0.0838929
0.0245769
0.0336104
0.0413636
0.022802
0.0240733
0.0727411
0.0300364
0.0369222
0.0456976
0.0241507
0.0725624
0.0526962
0.0281957
0.0135948
0.0950522
0.0726807
0.0453548
0.0151639
0.0577823
0.0242329
0.0345015
0.0238319
0.0392113
0.0252573
0.0408261
0.0620561
0.0362751
0.0453378
0.0446737
0.0160776
0.0432243
0.0343522
0.0942462
0.0229164
0.0440261
0.0499071
0.0657208
0.104212
0.0379167
0.0580039
0.025826
0.0782093
0.0597268
0.0572491
0.0656356
0.0272812
0.0152039
0.0790707
0.0170166
0.104678
0.0984444
0.0309062
0.0674219
0.0417107
0.050968
0.0130578
0.0562976
0.0477886
0.0260226
0.0998599
0.0554653
0.076733
0.125386
0.0670927
0.051327
0.0444852
0.072678
0.0249809
0.0255267
0.0385792
0.0290077
0.0326334
0.032145
0.0464611
0.024334
0.0293252
0.0597068
0.0339623
0.0845745
0.104057
0.0498278
0.0237982
0.0264005
0.0487393
0.0211942
0.0275476
0.0231474
0.0552097
0.0446674
0.0186955
0.0699256
0.0219375
0.0869448
0.0681347
0.0345795
0.0508394
0.0571215
0.0761376
0.0733925
0.0903663
0.0953985
0.0846872
0.0495029
0.0273871
0.052933
0.0317026
0.0222263
0.0237542
0.0566482
0.0757079
0.0372091
0.0132119
0.0392342
0.0203644
0.0469529
0.0720267
0.0273199
0.0321225
0.0735611
0.0575169
0.0701668
0.0738409
0.0307398
0.0468031
0.092931
0.0235089
0.0285898
0.0279204
0.0141519
0.0288915
0.0933898
0.038673
0.041443
0.0230123
0.088237
0.0807341
0.100973
0.0221582
0.0301917
0.0226645
0.0413167
0.0908438
0.0371226
0.0463909
0.110587
0.0145801
0.0476401
0.0796533
0.0178563
0.0368894
0.0729556
0.0418194
0.0262263
0.0684577
0.0224962
0.0467382
0.0623451
0.0600336
0.0746144
0.0371341
0.0670311
0.0518133
0.0274733
0.053162
0.0237987
0.0532507
0.0876718
0.0696302
0.0767011
0.0126305
0.0305597
0.0726024
0.0419868
0.107515
0.104342
0.0225025
0.0546246
0.0803672
0.060486
0.0125622
0.0330535
0.0265864
0.0443931
0.0629965
0.0413868
0.0754043
0.0354726
0.0812397
0.0673988
0.0803887
0.0715582
0.0135961
0.0182538
0.0411374
0.0554565
0.0164841
0.0636184
0.107477
0.035689
0.026136
0.0147753
0.0285175
0.0216458
0.0457834
0.0514565
0.0971432
0.0389591
0.0267079
0.0727226
0.048024
0.0465541
0.0393381
0.0596055
0.0382247
0.0506481
0.0229731
0.0307515
0.0239536
0.074137
0.0382101
0.0525076
0.0378552
0.0247018
0.0335254
0.0801421
0.0248187
0.0393742
0.024679
0.0401759
0.0240494
0.0326138
0.0180022
0.0260729
0.0304202
0.0241924
0.0423454
0.0617573
0.0229047
0.0795781
0.0632797
0.0724027
0.0273659
0.0364159
0.0314578
0.0862843
0.0479991
0.0683042
0.0428384
0.0757809
0.0311078
0.0813497
0.0441005
0.0683558
0.0145654
0.0287223
0.0553726
0.0236337
0.0355771
0.0234794
0.0318335
0.0521289
0.0483843
0.0349389
0.051294
0.0470801
0.0364676
0.0763305
0.0227113
0.0321757
0.0540998
0.0230867
0.0477172
0.0226284
0.0553498
0.0220716
0.0303484
0.0275256
0.0303033
0.0507451
0.0855514
0.034917
0.0312595
0.028039
0.0216633
0.022614
0.0357412
0.0240171
0.118122
0.0219664
0.0137165
0.0748213
0.0274784
0.0367094
0.0249451
0.0489938
0.0932961
0.0817509
0.0244639
0.0900855
0.0331047
0.0626077
0.0396011
0.0424771
0.0659932
0.0248145
0.0346758
0.0389725
0.0762748
0.0367627
0.0540195
0.0244653
0.0233742
0.029441
0.017143
0.0649255
0.0602883
0.0507108
0.0735421
0.0136891
0.0226797
0.0438732
0.0288589
0.0228323
0.0217818
0.0487664
0.0847547
0.0632585
0.0297377
0.0388457
0.0212722
0.0264495
0.0280828
0.0133321
0.0250288
0.0255999
0.0311119
0.0444959
0.0837937
0.047628
0.0620028
0.0262566
0.102213
0.0419373
0.0880778
0.114498
0.0250034
0.0903884
0.0909263
0.0143561
0.0488797
0.0302962
0.0474977
0.0866651
0.024623
0.0307335
0.0296272
0.0316411
0.0251349
0.0876506
0.0335494
0.0580436
0.0227942
0.0564064
0.0226738
0.0226172
0.0650242
0.0549064
0.0221146
0.04776
0.0922789
0.0711363
0.0573944
0.0188833
0.0477486
0.0373311
0.0342952
0.0738967
0.066451
0.0392182
0.0380863
0.0435291
0.0255808
0.054268
0.0509025
0.0291361
0.0455014
0.0254369
0.067755
0.0267939
0.0282558
0.0499004
0.0998539
0.0454514
0.0520042
0.0502987
0.120486
0.085836
0.028645
0.040944
0.0233392
0.025213
0.0220533
0.0118238
0.0493939
0.0782661
0.0699341
0.0935585
0.0801373
0.0664906
0.0266636
0.0319354
0.0847391
0.0278876
0.0228474
0.0741873
0.0527418
0.0414599
0.0298915
0.0539544
0.0391269
0.0227313
0.033128
0.0387494
0.0471822
0.0673683
0.063406
0.0719463
0.0333355
0.0391341
0.0535899
0.038172
0.0718511
0.0568581
0.0344388
0.0150324
0.0515038
0.0546086
0.0880479
0.0396651
0.0232197
0.0255149
0.0248668
0.0289935
0.0455183
0.0429195
0.0264996
0.0669713
0.0403999
0.0349309
0.0263183
0.0335047
0.0162122
0.0443785
0.025363
0.0359774
0.0434899
0.0444721
0.0266736
0.0240873
0.0335958
0.1245
0.0893825
0.0587061
0.0290188
0.0967146
0.0728142
0.0491732
0.0140288
0.0153543
0.0164505
0.0308182
0.0262552
0.016192
0.0287911
0.0779694
0.0183575
0.0765183
0.0222078
0.025791
0.0141526
0.0316681
0.0602621
0.0672963
0.0573423
0.0263435
0.0482645
0.0902036
0.106589
0.0431223
0.0255959
0.0217797
0.0290388
0.0278224
0.023266
0.0646186
0.0314143
0.0241156
0.102187
0.0278304
0.012843
0.0575438
0.0705427
0.0590195
0.0180767
0.0263976
0.0302476
0.0858725
0.0644651
0.0367557
0.0280429
0.0473102
0.0440822
0.0142947
0.0128355
0.0263686
0.0385281
0.0201325
0.0427098
0.0180074
0.0420978
0.0229677
0.0233529
0.0403276
0.0385949
0.0187706
0.024115
0.0482214
0.0259655
0.076325
0.0258691
0.0288897
0.0392567
0.0151019
0.0337386
0.0630038
0.0220344
0.0401191
0.0415849
0.0268647
0.0273676
0.021586
0.0570141
0.0715872
0.033283
0.0199366
0.0168647
0.0127604
0.0121224
0.0198351
0.0808037
0.0309354
0.0279429
0.0450522
0.125266
0.082464
0.132703
0.0545293
0.038904
0.0834491
0.0592829
0.0194975
0.0509173
0.0485237
0.0423269
0.102994
0.0147481
0.0669933
0.0468446
0.0420332
0.0271733
0.0266162
0.0381108
0.0529971
0.0479545
0.0231377
0.049321
0.0284356
0.0711982
0.0281176
0.0433184
0.0552401
0.062504
0.0303071
0.0468574
0.0235077
0.031295
0.0303733
0.0210877
0.0346212
0.0841762
0.0777219
0.0437483
0.0308329
0.0973626
0.0726753
0.0232659
0.0646783
0.0956073
0.022242
0.092531
0.0647115
0.0422007
0.0233978
0.0301375
0.0245565
0.0724695
0.0746866
0.0285644
0.0485805
0.10937
0.0641899
0.0940221
0.0569799
0.05914
0.0193525
0.0615985
0.0309797
0.0229959
0.0655469
0.0679914
0.055272
0.0394286
0.121919
0.0251029
0.0260406
0.0931561
0.0454483
0.058705
0.0344715
0.0466199
0.0342835
0.0217501
0.0971472
0.0302621
0.0189756
0.0493713
0.0416693
0.0879931
0.0977136
0.071787
0.0646998
0.0358436
0.0280024
0.0608681
0.0329721
0.0584639
0.0632548
0.0502974
0.0375012
0.0281207
0.0320615
0.0519782
0.0475368
0.0372007
0.0318512
0.0235774
0.0226529
0.0981567
0.0458921
0.0151022
0.0233793
0.0946829
0.0472342
0.086423
0.0753456
0.061899
0.0228462
0.0236657
0.0237742
0.0227998
0.0830135
0.0405181
0.0902275
0.0259502
0.05025
0.0220175
0.015591
0.0245184
0.0258221
0.0197016
0.0815155
0.014201
0.0230489
0.0894952
0.0538219
0.0851667
0.0356312
0.076415
0.0179717
0.0234987
0.0147551
0.0553501
0.043124
0.0158726
0.0219391
0.0314832
0.0986307
0.038302
0.0198524
0.0333227
0.0891974
0.113201
0.04553
0.0431235
0.0488738
0.0221866
0.0606436
0.0166779
0.0322244
0.0464494
0.0384776
0.0651593
0.0205834
0.0486001






