El planificador: ESTkConfigDefault
0.0426665
0.11606
0.202913
0.0835805
0.0821724
0.067143
0.0450009
0.0913563
0.127211
0.102234
0.0439326
0.0588154
0.113596
0.0250045
0.0605916
0.0380886
0.0713992
0.0832891
0.0903437
0.040349
0.0436401
0.0970077
0.0933853
0.113368
0.116003
0.0325518
0.127062
0.126469
0.0383193
0.106261
0.0611564
0.066185
0.0871184
0.0566175
0.0819752
0.0490133
0.116084
0.0666607
0.0675746
0.0695695
0.0437705
0.0691131
0.0679291
0.0257552
0.0275408
0.0422546
0.0108235
0.0966627
0.110778
0.0232526
0.0925771
0.0932584
0.0847612
0.055294
0.0224164
0.0501953
0.0726682
0.0321177
0.0506709
0.109349
0.104305
0.013855
0.082103
0.137117
0.0401113
0.101209
0.0505266
0.0292748
0.0397489
0.0191703
0.294331
0.0888639
0.0556168
0.0617959
0.166122
0.0195744
0.102263
0.0810832
0.0264981
0.138404
0.0415683
0.102637
0.0627695
0.084087
0.0816257
0.032288
0.0936585
0.0794011
0.081922
0.102341
0.0759756
0.0806302
0.0385122
0.13294
0.125639
0.0598542
0.0483567
0.2204
0.0375379
0.0564542
0.0799679
0.0281558
0.0578094
0.1093
0.303421
0.0822252
0.0866146
0.0353394
0.152409
0.0689669
0.0574342
0.0313365
0.0324017
0.0954612
0.0724328
0.0642046
0.102406
0.0278071
0.147184
0.109334
0.0969893
0.044335
0.0625845
0.118813
0.194308
0.0491268
0.0702145
0.10015
0.0536985
0.108174
0.0317345
0.0914444
0.0840525
0.146731
0.0446773
0.107592
0.0437222
0.144142
0.0708386
0.0313204
0.0847937
0.0928757
0.165755
0.045424
0.0385113
0.0360699
0.0937119
0.134354
0.185874
0.0202945
0.0982707
0.0303158
0.127951
0.0366777
0.047547
0.0324104
0.0399417
0.099422
0.105237
0.0191304
0.0280224
0.0552697
0.102657
0.0670208
0.0363217
0.166705
0.0230304
0.0771722
0.0576545
0.0540197
0.0527758
0.0379502
0.0384652
0.0594105
0.049305
0.0704894
0.121762
0.0549288
0.134603
0.0828914
0.110286
0.168781
0.199131
0.0329228
0.0248009
0.205748
0.0451892
0.023093
0.269277
0.0858926
0.0142362
0.127991
0.107513
0.0189931
0.0275639
0.0453661
0.133131
0.0408498
0.0513945
0.0603731
0.0555014
0.0476636
0.0306567
0.0750277
0.0477707
0.0297862
0.103708
0.0506608
0.105952
0.167626
0.0915438
0.0702462
0.129102
0.0654259
0.0381429
0.0477531
0.098517
0.0702408
0.0667739
0.108079
0.124611
0.0592748
0.287518
0.0915839
0.12511
0.100442
0.0475551
0.0358075
0.0438459
0.168069
0.136728
0.0631636
0.0352334
0.132254
0.060083
0.0397897
0.0240759
0.0507203
0.119744
0.0497865
0.108691
0.0340461
0.0683116
0.0639096
0.0494137
0.0667956
0.0976854
0.153859
0.0529503
0.125682
0.0761508
0.0714102
0.0911148
0.0519957
0.103579
0.028706
0.053222
0.0291461
0.0612072
0.0949974
0.134249
0.0279875
0.108148
0.0291325
0.0407455
0.103945
0.0476201
0.0561723
0.0642145
0.0857641
0.0470311
0.106044
0.037261
0.0622681
0.0577593
0.0411928
0.0518305
0.0697089
0.0650818
0.0294257
0.084071
0.025409
0.0636919
0.0424753
0.0346612
0.0895396
0.0691806
0.0555056
0.110916
0.03133
0.0291128
0.0642923
0.0272069
0.129591
0.043965
0.0780114
0.0294639
0.0509089
0.0680252
0.0318264
0.0646319
0.0287259
0.0643952
0.0253404
0.0425706
0.0404257
0.0632122
0.105364
0.0836924
0.0234983
0.064671
0.0443418
0.069833
0.0459574
0.0719037
0.0845628
0.0441322
0.0331397
0.120104
0.0384387
0.091205
0.0443844
0.0365168
0.0964737
0.0327696
0.145474
0.0776981
0.093076
0.113345
0.0665524
0.0427043
0.0885263
0.0271319
0.0624968
0.0142381
0.0479946
0.0672808
0.0587959
0.0741513
0.0138262
0.0643584
0.0902799
0.0271132
0.0449179
0.0928126
0.0267284
0.0404362
0.0434023
0.054015
0.0317687
0.0251529
0.0536183
0.0419667
0.0976876
0.0424874
0.0685496
0.0463665
0.034971
0.0354804
0.0614517
0.124278
0.0938938
0.0268646
0.0975099
0.100388
0.056568
0.0661923
0.131412
0.0422722
0.0256748
0.0407407
0.0242109
0.068958
0.0691607
0.0355609
0.150902
0.137239
0.0370895
0.0561662
0.0251063
0.0735542
0.107353
0.106968
0.168946
0.114833
0.0388863
0.0453523
0.125309
0.0260086
0.122816
0.0730848
0.037022
0.149386
0.0502825
0.0513173
0.0197738
0.148379
0.0502218
0.0977027
0.0736488
0.0229168
0.0457565
0.112233
0.0443717
0.160055
0.137169
0.0451121
0.118457
0.0159504
0.0645569
0.181981
0.0248981
0.107953
0.0972764
0.0745725
0.101428
0.203688
0.0239117
0.0186544
0.0464398
0.0838955
0.135577
0.0282227
0.0277684
0.0423572
0.0789347
0.0854396
0.0529373
0.032908
0.115537
0.0284005
0.0793845
0.162744
0.18357
0.0637624
0.117968
0.0309225
0.144574
0.0400386
0.0317303
0.0292572
0.0256915
0.121749
0.174664
0.108804
0.0508635
0.018939
0.0286457
0.219639
0.19981
0.0232264
0.100291
0.08512
0.0273322
0.101565
0.0169807
0.110925
0.0354633
0.0852452
0.0864669
0.077016
0.0824262
0.193217
0.0296039
0.0648617
0.0653446
0.0252603
0.125352
0.0518711
0.0836469
0.135381
0.0428716
0.083585
0.0880575
0.161416
0.0545981
0.0787769
0.0526679
0.062142
0.164909
0.171303
0.0608711
0.0392632
0.120241
0.023907
0.101823
0.050854
0.0821882
0.115677
0.0216928
0.0459718
0.0519629
0.0266536
0.0697026
0.105574
0.14693
0.0934685
0.0125239
0.0928458
0.0792898
0.0304685
0.0347347
0.110087
0.240315
0.150558
0.142516
0.11215
0.0457582
0.0505524
0.0648728
0.0495824
0.100765
0.037986
0.0309153
0.0389083
0.0569637
0.0720227
0.0605844
0.0568013
0.0313511
0.0826376
0.0416486
0.0823285
0.0241977
0.0669283
0.0418922
0.0531654
0.0714655
0.0292375
0.0355477
0.0977793
0.0380796
0.0610039
0.0469496
0.00555901
0.0221373
0.0598705
0.140198
0.0760208
0.0922081
0.0477208
0.0467733
0.109367
0.082467
0.117842
0.196795
0.135276
0.0597864
0.0760768
0.0400654
0.0229048
0.27039
0.168465
0.0254198
0.116967
0.101068
0.108887
0.0460917
0.0299892
0.0242453
0.104413
0.0729956
0.0492856
0.0965049
0.082426
0.184145
0.212121
0.112573
0.0687484
0.0563503
0.119138
0.0624024
0.0954546
0.132149
0.104805
0.0556717
0.109214
0.107691
0.198761
0.0809809
0.238267
0.0800365
0.0920229
0.0360785
0.0908754
0.0815575
0.11412
0.011681
0.0488821
0.0118091
0.0476184
0.107287
0.0902106
0.0581999
0.0800301
0.0462871
0.0643841
0.100542
0.0392865
0.0647495
0.0406807
0.148541
0.0291336
0.13425
0.125992
0.0551636
0.0635612
0.124941
0.119491
0.0610623
0.0530089
0.149675
0.066491
0.0733845
0.3705
0.0615624
0.0960172
0.152796
0.00822056
0.123337
0.0173669
0.0483242
0.0182169
0.0411146
0.0463708
0.0204832
0.10912
0.0979392
0.0418593
0.112658
0.0738109
0.0564675
0.0851377
0.135012
0.0110259
0.0687783
0.0278099
0.0682787
0.0482578
0.0644962
0.0778578
0.0799228
0.179603
0.0879193
0.145251
0.123641
0.0488727
0.0694062
0.0957159
0.0688115
0.0417052
0.0235438
0.0597571
0.0629102
0.0537938
0.25605
0.0262208
0.0415792
0.102698
0.371618
0.0963991
0.0651449
0.100451
0.0763212
0.0742673
0.103306
0.0331233
0.077268
0.108897
0.0501267
0.108546
0.0528771
0.0677243
0.126665
0.102676
0.110137
0.159244
0.0701872
0.014266
0.106569
0.0883682
0.0986889
0.0894392
0.103018
0.111795
0.138956
0.110765
0.103002
0.0753206
0.0651638
0.0673445
0.106347
0.185259
0.0226809
0.121193
0.120726
0.0122272
0.145598
0.0723198
0.0742175
0.0419645
0.107305
0.0491741
0.0786081
0.163414
0.0390805
0.0819113
0.163436
0.10767
0.0357981
0.0439142
0.0362384
0.181471
0.0546948
0.0881024
0.458982
0.022519
0.0680207
0.102036
0.103681
0.0438769
0.0154465
0.0758619
0.0519915
0.102899
0.0522607
0.0612099
0.12243
0.213211
0.0583138
0.289371
0.0550723
0.0577186
0.0603421
0.0661381
0.086571
0.0786408
0.0838457
0.0862513
0.127735
0.0633276
0.0896695
0.0787252
0.059507
0.0685873
0.139341
0.0407741
0.0685233
0.107232
0.0580985
0.0240492
0.105237
0.145696
0.0796237
0.0511714
0.105934
0.00790473
0.153398
0.0733867
0.0646476
0.0461065
0.116351
0.154704
0.156467
0.14838
0.0415993
0.0592368
0.0894358
0.104876
0.0763001
0.123
0.0609506
0.0724616
0.118698
0.120814
0.0714988
0.0356105
0.0570931
0.175098
0.174829
0.112625
0.0175363
0.0862615
0.104878
0.0429558
0.0293078
0.0611202
0.0204263
0.127012
0.0666115
0.134454
0.0809678
0.107109
0.0983656
0.0365365
0.080387
0.0844539
0.0667977
0.0383347
0.0414541
0.100327
0.0328368
0.0280748
0.0647166
0.160945
0.0681325
0.0947739
0.0866883
0.134218
0.17113
0.0695807
0.0687383
0.100335
0.0453257
0.0567768
0.0876194
0.125795
0.0552207
0.0919863
0.0386219
0.0766297
0.0646329
0.179459
0.089802
0.0449262
0.101159
0.0693589
0.0913824
0.0470156
0.130305
0.0547983
0.0278147
0.158819
0.0329489
0.100233
0.0173438
0.106709
0.0505678
0.0929536
0.0202304
0.201126
0.0639262
0.118548
0.0216794
0.0739654
0.0344016
0.0882198
0.119254
0.0707316
0.091047
0.0743331
0.0639654
0.15075
0.0797234
0.0328546
0.123725
0.0399157
0.0276707
0.0473459
0.0748653
0.0316212
0.0182934
0.0419837
0.0521921
0.0300072
0.0749276
0.0869691
0.0655832
0.0300697
0.18445
0.0463499
0.080858
0.0346289
0.0778115
0.199569
0.0778145
0.119168
0.0173155
0.0979474
0.132632
0.053878
0.0792212
0.0444216
0.0489709
0.155441
0.0319583
0.0878893
0.0751515
0.103141
0.0232514
0.233669
0.0885382
0.260307
0.0236431
0.0571823
0.0764149
0.0630001
0.0592509
0.041515
0.129669
0.0950761
0.0868154
0.087999
0.0884444
0.154897
0.103516
0.0930211
0.111238
0.0495254
0.0833737
0.0880237
0.0605438
0.155968
0.0407391
0.0719417
0.150169
0.0817779
0.107236
0.0327427
0.0790553
0.0298441
0.064459
0.0413567
0.0679714
0.101851
0.0543765
0.154793
0.0509198
0.15939
0.0721088
0.0720101
0.126902
0.0878728
0.0450456
0.0375125
0.064477
0.0544963
0.0910115
0.117489
0.107313
0.0473473
0.0709861
0.380375
0.138292
0.0477138
0.0642281
0.0822197
0.0672881
0.0732097
0.0564085
0.11508
0.0512281
0.201336
0.119787
0.0891801
0.0356508
0.0721254
0.0620127
0.0559575
0.0139251
0.101693
0.0373566
0.112282
0.0610845
0.08831
0.0375089
0.092393
0.066777
0.0400571
0.10227
0.0460708
0.0970478
0.143715
0.0830648
0.198152
0.0751312
0.0805189
0.0296166
0.0584761
0.0346946
0.0279144
0.0749168
0.0906489
0.0941376
0.14287
0.056242
0.06382
0.0648361
0.087172
0.0921072
0.085567
0.200251
0.0781068
0.0420467
0.0621319
0.197438
0.0899719
0.13016
0.0758557
0.073174






El planificador: RRTConnectkConfigDefault
0.0190116
0.0272155
0.0146641
0.0428298
0.0338591
0.0396294
0.0580869
0.0290357
0.0320019
0.0338605
0.0298134
0.0601674
0.0312629
0.0472692
0.0256623
0.0225075
0.0373408
0.0231243
0.0368419
0.0300092
0.0292306
0.0253563
0.0399981
0.0291153
0.0390484
0.0367342
0.0198863
0.0312076
0.0644012
0.0303225
0.0490068
0.0396191
0.0198871
0.0339263
0.0395208
0.03053
0.152293
0.0606808
0.0480038
0.0300959
0.0404224
0.0415812
0.0254474
0.0353165
0.0772061
0.0279143
0.0372763
0.0292776
0.0330843
0.0862403
0.0268672
0.0183541
0.0406735
0.0262
0.0202699
0.0358383
0.0261609
0.0268071
0.0160699
0.0259019
0.028713
0.0189189
0.0268261
0.0182577
0.0364914
0.0396345
0.135607
0.0210562
0.0188521
0.0564009
0.088075
0.0254812
0.0461957
0.0252779
0.0616492
0.0247934
0.0238348
0.0247931
0.0581624
0.0186271
0.0837964
0.0379822
0.0325647
0.0282315
0.0203776
0.0326889
0.029453
0.0320837
0.0635898
0.0368401
0.0412386
0.028481
0.0301125
0.0439101
0.0209066
0.023562
0.0278533
0.0341443
0.0358616
0.0276795
0.0276029
0.0984154
0.0444027
0.0321717
0.0160654
0.0199632
0.0678327
0.0337564
0.0208683
0.0445754
0.0454545
0.0257625
0.0294414
0.0269709
0.0832015
0.0696233
0.0293114
0.0481803
0.0239662
0.112394
0.024348
0.025463
0.0294455
0.0201776
0.0297866
0.0133343
0.0252841
0.0189664
0.0577745
0.0300024
0.0204909
0.022158
0.0147096
0.0289294
0.0590943
0.0382307
0.0463842
0.0311108
0.0256855
0.0178745
0.113294
0.0323023
0.0274653
0.0266546
0.0316737
0.0276928
0.0201249
0.048838
0.054827
0.0453511
0.0238981
0.0317023
0.0275776
0.0358161
0.0215688
0.0331005
0.0295919
0.0276808
0.0492913
0.0238779
0.0440652
0.0274946
0.0287254
0.0337664
0.0602047
0.0163986
0.0481582
0.0285202
0.0180523
0.0211474
0.023465
0.0209564
0.0316726
0.0697284
0.0169571
0.0410515
0.0495751
0.0424585
0.0451419
0.0962055
0.0379196
0.028088
0.0294358
0.0688389
0.0247106
0.0160243
0.0288483
0.0217179
0.0154703
0.033464
0.0294762
0.0481248
0.140046
0.0409056
0.0390495
0.0270439
0.0723272
0.0190417
0.0320972
0.0571306
0.0273096
0.0190624
0.0267631
0.0319992
0.0649857
0.0678974
0.0180841
0.0265793
0.0171148
0.0247392
0.0316958
0.0791555
0.0244611
0.0174644
0.0270013
0.0399956
0.0664168
0.0308038
0.0236169
0.0472991
0.0156902
0.0328714
0.0174574
0.0156835
0.0190804
0.0297463
0.0257922
0.0311874
0.0725591
0.0300245
0.0205341
0.0286533
0.0289908
0.0248039
0.0266551
0.0185719
0.0178936
0.0415718
0.0414612
0.0344186
0.0280679
0.0220758
0.0219813
0.0302852
0.0193768
0.0291138
0.0242284
0.109174
0.0180998
0.0352546
0.0393329
0.0201984
0.0384744
0.0269263
0.0259171
0.027616
0.0162024
0.0223055
0.0193017
0.0286285
0.0384048
0.0434114
0.0176129
0.0144246
0.0440653
0.053748
0.025953
0.053422
0.0161759
0.0289726
0.0199987
0.0324849
0.0290733
0.0508785
0.0290777
0.0795738
0.0162699
0.0480694
0.0328015
0.0279423
0.0466024
0.0346266
0.0371998
0.0172212
0.0366328
0.0224561
0.0647231
0.030028
0.0831655
0.0286814
0.0379328
0.0214628
0.0135546
0.0293796
0.0644357
0.0448373
0.0270597
0.0413726
0.0762073
0.0194237
0.0189746
0.0172338
0.0286245
0.0429722
0.0301476
0.0341515
0.0269845
0.0398063
0.0277681
0.0228572
0.0550893
0.0293977
0.0401426
0.102356
0.0267919
0.0981129
0.0230741
0.0367654
0.0455224
0.0493906
0.0295095
0.0295095
0.0268635
0.0286388
0.0276216
0.101145
0.0322186
0.0501835
0.0310664
0.03344
0.0457669
0.0575997
0.0686999
0.0246826
0.0511687
0.031368
0.0337576
0.0259819
0.0307813
0.119544
0.0366931
0.0386103
0.0264237
0.0759557
0.0346459
0.0239677
0.039995
0.0303042
0.0194542
0.0340612
0.0213187
0.0312429
0.0437157
0.032809
0.0378725
0.0338905
0.0252668
0.0388527
0.0332874
0.0512258
0.0471011
0.0256364
0.0221312
0.0343485
0.0425897
0.0337618
0.0299541
0.0401143
0.0268727
0.0210808
0.0270263
0.0334164
0.0319487
0.0315443
0.0205277
0.0367721
0.0229235
0.0422148
0.0318904
0.0467358
0.0536569
0.047875
0.0296127
0.0170538
0.0372131
0.0405149
0.03569
0.025823
0.0833543
0.0448098
0.0217382
0.0392979
0.0270148
0.0236292
0.0376676
0.028622
0.0491274
0.0356071
0.0250455
0.0535798
0.0374439
0.0293207
0.0165689
0.0357333
0.0319725
0.04709
0.0985803
0.0290511
0.0556354
0.03202
0.0307248
0.0370899
0.0557132
0.0798937
0.0268635
0.0194395
0.0272521
0.0223489
0.02904
0.0316122
0.0644399
0.0894742
0.037739
0.0245583
0.0338158
0.0209902
0.0181031
0.0344515
0.0270939
0.0270243
0.0171342
0.0309513
0.0296091
0.0271842
0.0282884
0.0262368
0.0142743
0.0442622
0.0486191
0.0436193
0.0312997
0.0158524
0.09104
0.0165342
0.0167155
0.0837106
0.0605468
0.0172196
0.045803
0.0238682
0.0289168
0.0199824
0.0192372
0.0321794
0.0224886
0.0444985
0.0154797
0.0158659
0.0285419
0.0508361
0.0324323
0.0261344
0.0481733
0.0556804
0.0414044
0.0250412
0.0356898
0.0459765
0.0315385
0.0305593
0.0284284
0.0165833
0.0359794
0.0410924
0.0293663
0.0179804
0.0310964
0.0831079
0.0283995
0.0245006
0.0318086
0.0329122
0.0378187
0.0231101
0.025637
0.0479636
0.0422486
0.0271558
0.0203854
0.0236749
0.0287905
0.0226477
0.0422874
0.0226436
0.0405352
0.0287583
0.0485164
0.0267409
0.048574
0.0206171
0.0843131
0.0183556
0.0299454
0.0193159
0.0262637
0.0264365
0.0428479
0.0332357
0.0525109
0.0492336
0.0198529
0.0332925
0.045656
0.0334794
0.026328
0.0709972
0.0230001
0.0459754
0.0983982
0.0292056
0.030513
0.0332198
0.0337358
0.0291861
0.116576
0.0290385
0.0246814
0.0343008
0.0247649
0.0294056
0.0524871
0.0309554
0.0265676
0.0159459
0.0288875
0.0264939
0.0194468
0.0466022
0.0346884
0.0305145
0.0236664
0.0163393
0.0233131
0.0258483
0.0363861
0.0230013
0.0203125
0.0344085
0.0317732
0.0306861
0.0250645
0.0306502
0.038279
0.0300636
0.0161555
0.05468
0.0253988
0.0308415
0.0238546
0.0239952
0.0201647
0.0840071
0.0216429
0.0300335
0.0419793
0.083636
0.0249021
0.0297913
0.0340051
0.0411044
0.0342086
0.0677504
0.0490577
0.0655818
0.0419674
0.0236372
0.0312611
0.0439541
0.0304956
0.0215011
0.0358146
0.0316945
0.0302119
0.0334665
0.037888
0.0557734
0.0243204
0.0873364
0.129656
0.0344471
0.0212514
0.0251454
0.0362026
0.0323413
0.031285
0.0267717
0.0329086
0.0312737
0.0840348
0.0176858
0.0259886
0.0539477
0.0235486
0.0419738
0.0371888
0.0339434
0.0420501
0.0283231
0.0417436
0.0337336
0.0307417
0.112864
0.0146427
0.031017
0.0213969
0.0321733
0.0157714
0.0260978
0.0248073
0.0338331
0.0226289
0.0255118
0.0307063
0.0202302
0.0299391
0.0353426
0.0295835
0.0251062
0.0503376
0.030027
0.102072
0.0443829
0.029073
0.0321985
0.0268498
0.0179726
0.0261919
0.0467501
0.0298099
0.0261296
0.028791
0.0271297
0.0207296
0.0263854
0.134388
0.0476705
0.0267551
0.0220136
0.0278787
0.0273911
0.0357126
0.029811
0.0282725
0.0211677
0.0209398
0.0429757
0.0745866
0.0337215
0.0241154
0.0250198
0.0278322
0.0630877
0.0730214
0.038698
0.0319293
0.0237273
0.0340988
0.0392925
0.0420806
0.0249694
0.0463802
0.0774639
0.0357971
0.033115
0.0431757
0.0203592
0.0938808
0.0397503
0.0395636
0.0509761
0.0317016
0.0297749
0.0388716
0.0336639
0.0172455
0.0202779
0.0267327
0.0433078
0.0345728
0.0358126
0.0197759
0.0273116
0.0297433
0.0253629
0.0422439
0.0476464
0.0144884
0.0441254
0.0178142
0.0459638
0.0380777
0.017729
0.0313529
0.0378606
0.026587
0.0490748
0.0318802
0.0388187
0.0370978
0.0431253
0.0296028
0.0618889
0.0546066
0.0269845
0.028367
0.0153375
0.0225422
0.0352338
0.0172363
0.0273504
0.0412802
0.0194534
0.0272914
0.0289365
0.028377
0.0490854
0.0507325
0.0155939
0.0233398
0.043659
0.0745061
0.0277901
0.0311581
0.0477262
0.0315093
0.0328283
0.0186151
0.0310681
0.026956
0.0278051
0.0252474
0.0324947
0.0268134
0.0274447
0.0313206
0.0788672
0.146982
0.0297384
0.0244498
0.0272413
0.0881687
0.0238029
0.0337168
0.0553467
0.0889127
0.0174855
0.0326724
0.0259324
0.0404315
0.0902856
0.0331023
0.0207388
0.0235983
0.0522017
0.0232547
0.0729991
0.0636051
0.0136908
0.0141835
0.0151635
0.0281239
0.0179358
0.0217865
0.028945
0.0439176
0.06545
0.0425633
0.0525599
0.0284134
0.0251341
0.0338786
0.14138
0.0239704
0.0338958
0.0739338
0.0282253
0.0284422
0.0219252
0.0440874
0.0203832
0.0283667
0.0350994
0.0301652
0.0317304
0.0469875
0.0168746
0.0329356
0.0199664
0.0505674
0.031028
0.0267134
0.0288145
0.0242022
0.0363945
0.0378747
0.0244128
0.0315146
0.0321851
0.0638907
0.0337277
0.0419956
0.0415618
0.0270153
0.0277383
0.0350625
0.028403
0.0241678
0.0316047
0.0374109
0.0196518
0.043022
0.0230527
0.0312925
0.0139225
0.0206719
0.0240104
0.0617207
0.0613757
0.0349164
0.0169481
0.0343843
0.0601939
0.0279668
0.0574773
0.0302443
0.0345528
0.0765861
0.0302276
0.0299134
0.111201
0.023432
0.033041
0.031996
0.103119
0.0135285
0.102276
0.0409051
0.0196576
0.0432514
0.0156685
0.0190983
0.0353798
0.0668604
0.0422875
0.0178259
0.0173546
0.0535208
0.0645293
0.0287944
0.0836443
0.0255175
0.0157999
0.0218937
0.0377089
0.024559
0.0287169
0.0598686
0.0123826
0.0293127
0.0779714
0.0293094
0.0271821
0.0177227
0.0249306
0.107929
0.0407717
0.0236595
0.0435397
0.0303661
0.0293723
0.0648834
0.028667
0.0400974
0.0269914
0.0278094
0.0419996
0.095399
0.0307999
0.038053
0.0310334
0.0381112
0.0392968
0.0293957
0.0247886
0.0358721
0.0202762
0.0286002
0.032058
0.017208
0.0320047
0.0687568
0.0957975
0.0300868
0.0460732
0.0277831
0.0316728
0.0672671
0.0269323
0.0627737
0.0364801
0.0394163
0.0361676
0.0328482
0.0301009
0.0410178
0.0252982
0.0555963
0.0507193
0.0365415
0.0326268
0.0394363
0.0317101
0.0290946
0.033552
0.071757
0.0274753
0.0292526
0.0265503
0.0306472
0.0254294
0.069866
0.136527
0.0211349
0.0334827
0.0334482
0.0182621
0.0321502
0.0936049
0.0144419
0.0152891
0.024869
0.0280507
0.0453337
0.0263198
0.0163593
0.0263859
0.0196347
0.0273604
0.0231821
0.0364333
0.0406585
0.0248016
0.0736492
0.027189
0.0211492
0.0533276
0.0325627
0.0290488
0.0356527
0.0326168
0.0317751
0.0805108
0.034913
0.0464879
0.0410101
0.0281702
0.0227257
0.0290056
0.0544184
0.0214046
0.0256486
0.0304514
0.0609321
0.0845828
0.0240603
0.0264093
0.0197881
0.0345951
0.020496
0.0281458
0.0331805
0.0333401
0.0253942
0.0277747
0.0285438
0.0303902
0.0844401
0.0302768
0.0426251
0.0302076
0.0315212
0.0445469
0.0398792
0.053195
0.0522158
0.0409191
0.0305866
0.0400725
0.0297877
0.0241011






El planificador: TRRTkConfigDefault
0.0544121
0.0534861
0.0257177
0.0440034
0.0337531
0.0619263
0.148851
0.0315311
0.0271516
0.110596
0.0524772
0.0374747
0.0499644
0.0683655
0.0399541
0.0905891
0.0585869
0.0244087
0.0593477
0.0944533
0.0167782
0.037076
0.0632214
0.0338721
0.0411663
0.0351534
0.043983
0.0365648
0.0411794
0.0631996
0.0283112
0.0365539
0.0318312
0.0309117
0.054509
0.0573824
0.0381613
0.0332038
0.0195905
0.0451562
0.0220146
0.0398711
0.0474995
0.0339152
0.0333813
0.0400768
0.112342
0.0528425
0.031245
0.0219683
0.0327761
0.0212534
0.0204904
0.0143792
0.0188464
0.0173726
0.0304887
0.0311981
0.0356323
0.0206661
0.0500824
0.0331693
0.0335261
0.0526867
0.0167463
0.012414
0.0405475
0.0855087
0.0765421
0.0135208
0.05419
0.0380777
0.0612925
0.0872901
0.151661
0.0290029
0.0433549
0.0278824
0.0717694
0.043704
0.0322377
0.0385965
0.0316909
0.034385
0.049312
0.170267
0.0289667
0.0263192
0.0318432
0.0233426
0.0354194
0.057562
0.0871894
0.0395738
0.0985756
0.0273531
0.0340324
0.0285427
0.0219531
0.0314855
0.0287403
0.026016
0.0303819
0.0829516
0.0389674
1.15947
0.0424385
0.0354007
0.0308973
0.030111
0.0318008
0.0377052
0.0800912
0.0155111
0.0229043
0.0738575
0.0377476
0.0501892
0.103592
0.0356688
0.0205813
0.0487401
0.0668667
0.0874205
0.0293739
0.0438218
0.0294849
0.0265721
0.0324906
0.042731
0.0241489
0.0304147
0.0326839
0.0509126
0.0568278
0.0655748
0.0263049
0.0632936
0.0442066
0.0448912
0.0636961
0.0378373
0.0546041
0.101215
0.0476607
0.0619443
0.0330025
0.0211981
0.0314645
0.0192107
0.0418615
0.0264542
0.0263089
0.0434878
0.0327928
0.0285744
0.0348127
0.027839
0.0521261
0.0449994
0.188131
0.0361852
0.0480499
0.0485299
0.0348978
0.0393781
0.0482013
0.0730651
0.0245686
0.0210071
0.0238131
0.0263324
0.0442931
0.0277611
0.0463668
0.0498045
0.0596954
0.0700272
0.0560602
0.0222833
0.0171738
0.0261135
0.0233694
0.0248888
0.020901
0.0277722
0.0481418
0.0242372
0.0345386
0.0164066
0.0474487
0.0439037
0.0207422
0.0189074
0.038047
0.0278772
0.0324525
0.0680967
0.0323302
0.0194668
0.0163118
0.0349345
0.0775325
0.0689131
0.0400656
0.0798827
0.0507354
0.0900407
0.0388592
0.0141271
0.0180799
0.0427571
0.0337817
0.0278173
0.0243058
0.0238593
0.0268818
0.0261119
0.0548554
0.011411
0.0338614
0.0409633
0.0246668
0.0529375
0.0392057
0.0450618
0.0828583
0.0621409
0.0193797
0.0776385
0.0365046
0.0299094
0.0416438
0.0786611
0.0244891
0.015406
0.0221619
0.0196926
0.0347609
0.0152005
0.0311843
0.0227715
0.0458444
0.0455855
0.0885087
0.020039
0.0444974
0.0229811
0.0430041
0.137893
0.0497103
0.0241238
0.0758907
0.0208503
0.025281
0.0309959
0.0640601
0.025972
0.0509009
0.0575272
0.120254
0.0499233
0.0566802
0.0208263
0.0241867
0.0706527
0.0524163
0.0923819
0.0254479
0.0235578
0.0124379
0.10205
0.0825156
0.0199744
0.0244131
0.0217878
0.0349475
0.028881
0.0873204
0.0474162
0.0241594
0.0328271
0.576205
0.0393655
0.0327829
0.0524386
0.0253559
0.0314085
0.0186048
0.0375928
0.0233759
0.0423317
0.0216554
0.0520393
0.0306105
0.0555591
0.0305156
0.0491065
0.0388508
0.0569848
0.033994
0.117794
0.0674586
0.0609744
0.153693
0.114402
0.0239878
0.092126
0.0287999
0.0228749
0.0717091
0.0482729
0.0178187
0.0317356
0.0864569
0.0353218
0.0244057
0.017265
0.0411891
0.03806
0.0607286
0.0290622
0.029153
0.0220933
0.0214235
0.0354973
0.0339986
0.0382318
0.0407446
0.050231
0.0180973
0.0538478
0.0231045
0.0316438
0.02875
0.06027
0.0476513
0.0314812
0.0704866
0.0340932
0.0387179
0.0590432
0.112287
0.0400644
0.0322652
0.0222734
1.64687
0.0220216
0.0649648
0.0392701
0.0269033
0.0271386
0.0232633
0.0372564
0.0560378
0.0307333
0.0527927
0.0529862
0.0296128
0.0417947
0.0314441
0.0620753
0.0293526
0.0788891
0.0343032
0.0408048
0.0249266
0.0815772
0.0258237
0.0375456
0.0447294
0.182633
0.0344574
0.0816581
0.134668
0.0206021
0.0154829
0.699597
0.0480306
0.0492857
0.0490973
0.0181514
0.0256339
0.0287301
0.0225978
0.116654
0.0216863
0.0260589
0.0547411
0.0238474
0.0172856
0.0460588
0.0301753
0.0326684
0.079712
0.0286436
0.0267973
0.0295836
0.0775292
0.0375044
0.0406657
0.0281175
0.0326261
0.0546499
0.0241436
0.0506875
0.022331
0.0163057
0.0405963
0.0238744
0.0417505
0.0376479
0.0235448
0.0375815
0.023154
0.0313517
0.0387798
0.0365934
0.0640983
0.0779373
0.0208373
0.0530801
0.0281402
0.018696
0.0376985
0.0270227
0.0678433
0.0473165
0.0632804
0.0905155
0.0445815
0.144242
0.0338077
0.0231036
0.0330557
0.0368542
0.043171
0.0264625
0.0268622
0.01204
0.0604456
0.0762842
0.0310555
0.0243566
0.0423141
0.0217947
0.011151
0.0614482
0.04718
0.0528857
0.0211922
0.0174782
0.0276131
0.0177451
0.0179546
0.0362189
0.0160089
0.0533734
0.0336824
0.823481
0.0582321
0.035704
0.0632395
0.0383081
0.0213843
0.0331507
0.0314687
0.0248708
0.0249677
0.0472184
0.07961
0.0471799
0.00890906
0.0858492
0.0256277
0.0321529
0.0510575
0.0153128
0.0305247
0.0391047
0.0323334
0.0449348
0.0340704
0.04672
0.0284402
0.037059
0.035723
0.040861
0.0411609
0.0357464
0.0429127
0.0322051
0.0317531
0.0268284
0.0594855
3.37381
0.0416001
0.0320522
0.0138207
0.0471871
0.0216416
0.0380032
0.0790359
0.0256077
0.0349551
0.0352522
0.0103252
0.0944643
0.0229472
0.0734433
0.0438423
0.047418
0.0201657
0.0550368
0.0416058
0.0809848
0.075073
0.0456897
0.031668
0.2047
0.0354521
0.0604155
0.0194959
0.108583
0.0683054
0.0383355
0.0596262
0.0111572
0.0298592
0.181542
0.0845393
0.0297052
0.0262054
0.0354986
0.100659
0.0213812
0.010031
0.0134739
0.0149253
0.020513
0.0210723
0.0268971
0.0572098
0.110656
0.0830574
0.0119677
0.0153492
0.0420994
0.0342191
0.0155988
0.0281326
0.0432573
0.0528027
0.0250851
0.0256239
0.0353119
0.0130359
0.0417928
0.0231278
0.0632931
0.0471394
0.0637052
0.0379537
0.0338307
0.0624145
0.0399883
0.0501372
0.0509947
0.0551804
0.10449
0.0735543
0.0575314
0.0242999
0.0277624
0.0223465
0.163992
0.0253078
0.0186691
0.0135748
0.0112923
0.0400753
0.0769196
0.0338413
0.0273991
0.0437136
0.0241921
0.00886326
0.0462274
0.033007
0.0698868
0.0278127
0.0924468
0.0337841
0.0304403
0.0552108
0.0856147
0.0202915
0.0206689
0.081898
0.0329422
0.0854724
0.0210934
0.0197298
0.0261072
0.0485625
0.0478436
0.00499368
0.0391372
0.0249839
0.0557082
0.068793
0.0248126
0.0229869
0.133783
0.0616173
0.0814463
0.0484399
0.0119936
0.0245536
0.0822541
0.0213265
0.119639
0.0630104
0.0281454
0.0188793
0.0250512
0.0319158
0.0242876
0.0426767
0.195094
0.0509626
0.0328408
0.0214311
0.0284723
0.0282409
0.102698
0.060335
0.0216084
0.0337301
0.0565088
0.0271388
0.0462823
0.0559084
0.0281996
0.0246632
0.0951278
0.0254547
0.0258384
0.0376723
0.0309268
0.279122
0.034145
0.026676
0.0322771
0.0295032
0.0275847
0.0621281
0.0313132
0.0131393
0.0345796
0.0476044
0.031328
0.0180896
0.0320159
0.0348466
0.0239367
0.0302441
0.0548269
0.0201002
0.0224433
0.0520188
0.0400062
0.0580649
0.024381
0.0321582
1.70618
0.055913
0.0263349
0.104719
0.0168432
0.0242386
0.0582698
0.0345382
0.0326701
0.0214514
0.0234904
0.0412309
0.0527093
0.0595562
0.0431337
0.0237539
0.0484519
0.0259633
0.0671617
1.99989
0.0601823
0.0335494
0.0307026
0.0592982
0.0630606
0.066481
0.0386642
0.0416716
0.0360346
0.0613172
0.0169924
0.0384088
0.0443699
0.0790745
0.0278091
0.0367354
0.121025
0.0436981
0.12732
0.0419582
0.0224369
0.0123025
0.0283686
0.0155592
0.0495157
0.091973
0.0365707
0.0362233
0.0502007
0.0313651
0.0332447
0.0415678
0.0155415
0.0273032
0.0317701
0.0557835
0.0605714
0.110621
0.514379
0.0261185
0.0352026
0.0944967
0.0386508
0.0314582
0.020315
0.0272403
0.0189265
0.0141534
0.0359778
0.0424572
0.0853698
0.0324378
0.0184987
0.0869919
0.0655196
0.0267467
0.032755
0.0167946
0.0695651
0.0765701
0.024207
0.034162
0.019544
0.0539238
0.0547346
0.0687923
0.0173957
0.084917
0.0717629
0.0588434
0.0187722
0.0355312
0.0214651
0.036595
0.0800133
0.0538736
0.042654
0.0513341
0.0251441
0.0282868
0.037725
0.0208477
0.0730718
0.0297073
0.0834736
0.0478149
0.0955106
0.0396283
0.0271144
0.0447504
0.041228
0.0136717
0.042051
0.0358186
0.0252005
0.0385986
0.0329283
0.0546588
0.0298123
0.0609731
0.0696574
0.039669
0.0588781
0.0276474
0.0221363
0.0226753
0.0548419
0.0523013
0.0364467
0.0262011
0.0400112
0.030189
0.0404712
0.0467495
0.0345319
0.0498803
0.0480942
0.0707713
0.0472184
0.0251978
0.0331205
0.0348912
0.0436768
0.0464722
0.0220186
0.0493693
0.0561701
0.0359314
0.0331061
0.0998314
0.0256867
0.0461005
0.0352158
0.0515135
0.0288456
0.0414565
0.0304048
0.0249341
0.0461737
0.0426819
0.140196
0.057729
0.0141925
0.019004
0.0681507
0.0336088
0.0825772
0.0262019
0.0372942
0.0229794
0.0191005
0.0165948
0.0387192
0.0181298
0.0250589
0.983217
0.025617
0.0238094
0.0210109
0.0197401
0.0270412
0.0415004
0.0267994
0.0322829
0.0400987
0.0635383
0.0939549
0.0570154
0.087307
0.0313875
0.0110137
0.0420307
0.0351227
0.026542
0.0390069
0.0692098
0.0312662
0.0197513
0.0310361
0.0350248
0.0262023
0.0204907
0.0374269
0.0236445
0.0154737
0.0427773
0.10201
0.0269872
0.0211871
0.0215103
0.0247745
0.0513494
0.0246212
0.0382271
0.0689619
0.0536231
0.0246265
0.0294563
0.0202881
0.0311028
0.0233527
0.0341761
0.0458159
0.0558209
0.0504148
0.0250855
0.162044
0.0648536
0.0230844
0.0752778
0.0401032
0.098786
0.0341482
0.014873
0.0285134
0.0406419
0.0253507
0.0441135
0.0414224
0.0340476
0.0388888
0.03181
0.0276287
0.0314782
0.030966
0.0317189
0.105767
0.0360057
0.0604684
0.0958663
0.0290471
0.0691179
0.037499
0.0668476
0.0187633
0.0203777
0.0222598
0.0799538
0.0242482
0.0252945
0.0962055
0.0468524
0.0284071
0.0114521
0.0382366
0.0183049
0.0310745
0.0268821
0.107758
0.0369929
0.0186708
0.0295101
0.0413391
0.0536443
0.0234264
0.0381444
0.0475309
0.0646589
0.0349199
0.0319817
0.022308
0.0698605
0.0567654
0.074147
0.0474208
0.0239414
0.035255
0.0355973
0.0297737
0.0174558
0.0573524
0.0128762
0.477655
0.100975
0.171719
0.0311879
0.0273036
0.0210319
0.0686754
0.0393267
0.0458675
0.0540527
0.0235673
0.0282253
0.0293054
0.0185702
0.0311053
0.0258812
0.0485215
0.0172113
0.0207222
0.0571943
0.0196905
0.0187874
0.0150707
0.0232758
0.0189185
0.0477827
0.0231861
0.0298504
0.0378756
0.0449483
0.0351048
0.0230102
0.018552






El planificador: PRMkConfigDefault
0.0876196
0.0705531
0.0616838
0.0148092
0.0239276
0.0307799
0.0557527
0.0383831
0.01309
0.0734686
0.0222066
0.0261583
0.0280241
0.0472997
0.0222173
0.0318677
0.0150824
0.0492564
0.0231319
0.0842056
0.05518
0.0739256
0.0143194
0.156374
0.0231329
0.047347
0.110281
0.0320563
0.0677955
0.0215033
0.0183103
0.0213964
0.0541798
0.0222021
0.0215856
0.0279652
0.0245122
0.0470102
0.0818848
0.0405055
0.029096
0.0110807
0.0383241
0.0135803
0.0416206
0.0258622
0.0306984
0.0240456
0.0468847
0.0750456
0.0624864
0.0210689
0.0226235
0.0236564
0.0264484
0.0215538
0.0305891
0.0553664
0.0426043
0.0255661
0.0469995
0.0258199
0.0226203
0.0709092
0.0313917
0.0398665
0.0252844
0.0507143
0.0270976
0.0258813
0.0218666
0.0353477
0.0241908
0.0275615
0.0585187
0.0256994
0.0502051
0.0466445
0.0221512
0.0512883
0.0342456
0.0248757
0.0458965
0.0255957
0.0257771
0.0232388
0.0280546
0.0633724
0.0563017
0.0375338
0.0317038
0.0538252
0.0412222
0.0636551
0.0223077
0.0302132
0.0263813
0.0217429
0.0262756
0.0243549
0.0323303
0.0215965
0.011699
0.0183425
0.0278763
0.0430179
0.0964182
0.0216568
0.0361731
0.0259983
0.0238794
0.021631
0.0407373
0.0332841
0.0216708
0.0234688
0.0147965
0.0240012
0.0213577
0.0249999
0.0694933
0.0973232
0.0248625
0.017509
0.0383136
0.0217945
0.0235686
0.0222675
0.0380668
0.0230992
0.0299989
0.0480862
0.0224399
0.0183341
0.0262665
0.022297
0.0255006
0.0362819
0.0575315
0.0593482
0.0172694
0.0139067
0.0212272
0.0446238
0.0558471
0.0240943
0.0223105
0.0365953
0.0253984
0.0128754
0.0490268
0.0129036
0.0451777
0.054079
0.0400949
0.0858135
0.0244634
0.0229122
0.0273887
0.0329782
0.0312667
0.0360161
0.0258145
0.0256615
0.0408385
0.0278573
0.0398604
0.0420291
0.0296294
0.0259935
0.0357836
0.0131924
0.0394248
0.0179328
0.0575749
0.0683361
0.0266753
0.0282501
0.0286181
0.0220356
0.0230671
0.0284847
0.026458
0.0362307
0.0250364
0.0178788
0.0337543
0.0359317
0.0301533
0.063481
0.0231148
0.0431263
0.0183269
0.0474583
0.0514536
0.0478757
0.0365857
0.0374591
0.0171052
0.0526576
0.0241548
0.0434985
0.0475451
0.0125041
0.022359
0.0477469
0.0529598
0.0122787
0.0434662
0.0582784
0.0262141
0.0225705
0.0284777
0.0120876
0.014008
0.0865545
0.0167316
0.0217571
0.228741
0.0532339
0.0148007
0.0327
0.0136453
0.0261729
0.0648618
0.0493264
0.0203837
0.026428
0.0215435
0.0219826
0.0586238
0.0251982
0.0949463
0.0361097
0.0871859
0.0443454
0.0560011
0.07747
0.148053
0.0246339
0.0602651
0.0329025
0.0187174
0.0239398
0.02771
0.0545153
0.0243229
0.0216358
0.0550565
0.0217864
0.0347424
0.0408355
0.0508167
0.0534436
0.085885
0.074032
0.0243654
0.0136982
0.052959
0.047621
0.0416259
0.0246464
0.0245291
0.0144232
0.0456027
0.0579333
0.0667698
0.060769
0.0220617
0.0383708
0.0440065
0.0214785
0.0692089
0.0296956
0.0321083
0.0240113
0.0685533
0.0215646
0.0360601
0.0508835
0.0389068
0.01191
0.0292927
0.0319687
0.0204983
0.0501364
0.0532791
0.0222146
0.0371692
0.0534901
0.0237784
0.036775
0.0223748
0.0334333
0.0284957
0.0715649
0.123158
0.0449185
0.0583191
0.0322765
0.0240338
0.0221789
0.0281688
0.0317753
0.0234114
0.155214
0.0240166
0.10542
0.036775
0.0228997
0.0489202
0.0221171
0.0767328
0.0340177
0.0326756
0.0272179
0.0396703
0.0366703
0.0140947
0.0458334
0.0244635
0.032412
0.0189389
0.0466783
0.0237174
0.021562
0.0246704
0.0712534
0.0758526
0.0219421
0.0337731
0.0486684
0.0241979
0.0483091
0.0346789
0.0555002
0.0469651
0.0231831
0.0494793
0.0264863
0.0156355
0.0666493
0.064836
0.0429545
0.0343841
0.0311273
0.0225239
0.0752205
0.0294337
0.0259544
0.0317089
0.0376847
0.178576
0.0232902
0.0236763
0.0441994
0.0476476
0.0164229
0.0293544
0.0964451
0.0505332
0.0215687
0.0300114
0.0218755
0.0334088
0.0533415
0.0367397
0.0236795
0.0425339
0.0245969
0.0129082
0.0227687
0.0271509
0.0327307
0.0496449
0.0223492
0.0128295
0.0256217
0.0376229
0.0316365
0.0242051
0.0230246
0.012549
0.0385065
0.022322
0.0357656
0.169094
0.0569173
0.0422998
0.117871
0.0822467
0.0222818
0.0257186
0.0336971
0.044339
0.0227741
0.0226192
0.0143229
0.031656
0.0345482
0.0357626
0.028965
0.0378736
0.0219489
0.0229661
0.0279066
0.0231767
0.0255733
0.0222897
0.0331359
0.0317578
0.0452545
0.0738094
0.0628734
0.0539304
0.0347307
0.0842006
0.0228517
0.0374891
0.0226103
0.0494077
0.0421834
0.0346101
0.0426387
0.0612065
0.0492536
0.024401
0.0606509
0.0346314
0.0534994
0.044979
0.0198498
0.0335154
0.0369745
0.0450841
0.0934477
0.0531392
0.0436712
0.0138239
0.0214268
0.0293644
0.022703
0.083651
0.0385657
0.0613575
0.0371287
0.0709679
0.0366013
0.0626317
0.0264552
0.0266174
0.0206205
0.0318658
0.0630619
0.0649634
0.0671131
0.0241143
0.03576
0.0481892
0.0243434
0.0334512
0.0922787
0.0504141
0.0119513
0.0161239
0.0679797
0.0233765
0.0298916
0.0293398
0.0242799
0.0359771
0.0469717
0.0241282
0.0254918
0.057811
0.0223882
0.0270715
0.0146826
0.0339166
0.0173305
0.0309995
0.0445452
0.0324916
0.022345
0.0212595
0.0267977
0.046403
0.01697
0.053433
0.01442
0.0120546
0.0254518
0.123418
0.0169277
0.0482185
0.0466151
0.0619079
0.0262937
0.0169631
0.0274477
0.0256454
0.0217207
0.062074
0.0233671
0.0230378
0.0449203
0.0441599
0.0201261
0.0222212
0.0578608
0.02341
0.0227487
0.0525833
0.0252709
0.0695544
0.0357612
0.0327599
0.012129
0.0219648
0.0162932
0.021924
0.0136977
0.030411
0.0357452
0.0260328
0.0300502
0.0194939
0.0254208
0.0239712
0.0239063
0.0248417
0.0294867
0.0270363
0.0122925
0.0768105
0.0157478
0.025109
0.0358916
0.0561611
0.0805768
0.0445025
0.0211925
0.0212264
0.0529073
0.0733106
0.0472684
0.0222251
0.015391
0.0250098
0.0169251
0.0236779
0.0170227
0.021898
0.0379533
0.0403346
0.02192
0.0116475
0.0342034
0.0631955
0.0269227
0.0565848
0.0292179
0.0264397
0.0604704
0.0285183
0.0239944
0.0328169
0.0259521
0.0164048
0.0275767
0.0140435
0.0282692
0.022281
0.021818
0.0329592
0.0387547
0.0756028
0.020733
0.0633481
0.0150642
0.0231247
0.0615593
0.124724
0.0401055
0.0231784
0.0145407
0.0385396
0.0205722
0.0315699
0.023973
0.0351917
0.12038
0.0282692
0.0274227
0.066098
0.0243454
0.0603937
0.0462926
0.012084
0.023845
0.0258878
0.0486224
0.0316059
0.064953
0.0379534
0.0639949
0.0272811
0.0448673
0.0134199
0.0335745
0.0593412
0.0244342
0.0586869
0.0361613
0.022899
0.0327441
0.0174801
0.0478654
0.03881
0.0243079
0.040155
0.0599231
0.0233684
0.0426756
0.0692193
0.0721463
0.0348035
0.0215328
0.037668
0.0503867
0.012675
0.0234932
0.0561289
0.0377897
0.0249038
0.0356097
0.0227927
0.0374666
0.0128722
0.0295171
0.0248771
0.0230914
0.0624929
0.0939804
0.0674942
0.0415721
0.031414
0.0397905
0.0333742
0.054767
0.012857
0.0755789
0.0667574
0.0320388
0.0133033
0.0166154
0.0606982
0.0287209
0.0231559
0.0220923
0.203889
0.0703499
0.0802861
0.0251923
0.0456829
0.167058
0.040606
0.0442079
0.0234763
0.0421666
0.0307686
0.0170195
0.0321783
0.0221747
0.0141522
0.0642413
0.0263788
0.0764022
0.0225091
0.0244618
0.0440341
0.0544058
0.0454953
0.0203901
0.0424185
0.053227
0.0782069
0.0136993
0.0268056
0.0147268
0.0350996
0.0287826
0.0134554
0.0298548
0.0797736
0.133515
0.0279701
0.0133451
0.0679614
0.025286
0.0238016
0.0421162
0.0294635
0.184857
0.023454
0.0213616
0.0263574
0.0127617
0.0576134
0.0435828
0.0252778
0.0535448
0.0324811
0.0157317
0.0473014
0.0179079
0.0872156
0.0658548
0.0714202
0.0402244
0.0413566
0.041811
0.0215793
0.077854
0.0408682
0.0299002
0.0249781
0.0532684
0.0548588
0.0370775
0.0235557
0.0400845
0.112771
0.0221332
0.0140837
0.0335156
0.0284141
0.0230619
0.021846
0.10012
0.0229392
0.047417
0.0335872
0.0309872
0.0369838
0.031934
0.0502938
0.0468063
0.0308657
0.0478733
0.0239523
0.0206065
0.0710752
0.0236004
0.0296623
0.0404705
0.0418244
0.0543905
0.0229287
0.0457642
0.0247927
0.015023
0.0504276
0.0638753
0.026455
0.0236977
0.0238834
0.0556312
0.0334384
0.0390025
0.0153995
0.0305279
0.0273609
0.0579495
0.0245868
0.0247742
0.0671344
0.0349368
0.145632
0.05038
0.0777442
0.0741133
0.0893569
0.0568603
0.0132172
0.0186324
0.0239838
0.065561
0.0255539
0.023109
0.0261808
0.019667
0.0402432
0.0152363
0.0241116
0.0316617
0.0315277
0.0412825
0.0251315
0.0243224
0.0268877
0.0543086
0.0257461
0.0265988
0.0249536
0.0754173
0.062271
0.0505458
0.033559
0.0112719
0.0117318
0.0458956
0.027311
0.0645989
0.0201835
0.012066
0.03496
0.0237215
0.0537661
0.01133
0.0464912
0.038295
0.0221131
0.0466897
0.0620067
0.0253824
0.0235144
0.036788
0.0209521
0.125821
0.0223931
0.0276902
0.0376066
0.0242862
0.0379411
0.0261018
0.0141329
0.0542772
0.0259249
0.0252484
0.0490921
0.0237695
0.0892825
0.0904838
0.0728136
0.0334193
0.0435946
0.0226149
0.0469768
0.025307
0.0218104
0.0233778
0.0390805
0.0224272
0.0418932
0.058108
0.0920535
0.0460473
0.0861038
0.057861
0.0353499
0.0770666
0.0603095
0.0339582
0.018671
0.0132213
0.024541
0.0969667
0.0242105
0.0313315
0.0317258
0.0279346
0.0192469
0.052138
0.0245052
0.0231123
0.0692492
0.0414902
0.025712
0.0434473
0.10949
0.0339376
0.0532687
0.0818538
0.0512673
0.0296963
0.0457866
0.113759
0.0177335
0.0824744
0.0792373
0.0543456
0.0778442
0.0324917
0.161833
0.108956
0.0233403
0.026911
0.0234336
0.0504321
0.0299147
0.0880985
0.0742194
0.0193894
0.0375829
0.0258861
0.0102864
0.0668822
0.0538705
0.0498902
0.0529345
0.076658
0.0224265
0.0347986
0.0194277
0.0584179
0.0351335
0.0341868
0.0294441
0.0511183
0.0406805
0.0646927
0.023332
0.0227159
0.0166815
0.0265224
0.0408442
0.0847284
0.0549396
0.022786
0.0287471
0.0827466
0.0160223
0.0591056
0.0315336
0.0227349
0.012736
0.0235168
0.0350726
0.0488781
0.038316
0.0402632
0.0416478
0.0483214
0.0469727
0.0448284
0.0229489
0.065975
0.0240529
0.0456186
0.0855452
0.0237219
0.0215146
0.0277057
0.0339854
0.033215
0.0371842
0.0568156
0.0146191
0.0591863
0.0488466
0.0219415
0.0353455
0.030151
0.0141999
0.0879549
0.0702832
0.0668296
0.0339615
0.025379
0.0233976
0.0323912
0.0585429
0.0275138
0.0622176
0.069387
0.0413605
0.0451392
0.0519331
0.0695544
0.0219453
0.0154838
0.0298427
0.0631003
0.0417607
0.0133369
0.0309569
0.0293078
0.0523522
0.0398547
0.0171282
0.0346174
0.0482967
0.0355156
0.0729779
0.0253269
0.0859631
0.0630155
0.0305776
0.0358705






